-----------
0
[1, 0, 0, 0]
[0, 0, 0, 0]
[0, 0, 0, 0]
[0, 0, 0, 0]
[0, 0, 0, 0]
[0, 0, 0, 0]
1
[1, 0, 0, 0]
[0, 0, 0, 0]
[0, 0, 0, 0]
[0, 0, 0, 0]
[0, 0, 0, 0]
[0, 0, 0, 0]
-----------
0
[1, 0, 0, 0]
[0, 0, 0, 0]
[0, 0, 0, 0]
[0, 0, 0, 0]
[0, 0, 0, 0]
[0, 0, 0, 0]
1
[1, 2, 0, 0]
[2, 0, 0, 0]
[0, 0, 0, 0]
[0, 0, 0, 0]
[0, 0, 0, 0]
[0, 0, 0, 0]
-----------
0
[1, 0, 0, 0]
[0, 0, 0, 0]
[0, 0, 0, 0]
[0, 0, 0, 0]
[0, 0, 0, 0]
[0, 0, 0, 0]
1
[1, 2, 0, 0]
[2, 0, 0, 0]
[0, 0, 0, 0]
[0, 0, 0, 0]
[0, 0, 0, 0]
[0, 0, 0, 0]
-----------
0
[1, 0, 0, 0]
[0, 0, 0, 0]
[0, 0, 0, 0]
[0, 0, 0, 0]
[0, 0, 0, 0]
[0, 0, 0, 0]
1
[1, 2, 3, 0]
[2, 0, 0, 0]
[0, 0, 0, 0]
[0, 0, 0, 0]
[0, 0, 0, 0]
[0, 0, 0, 0]
-----------
0
[1, 0, 0, 0]
[0, 0, 0, 0]
[0, 0, 0, 0]
[0, 0, 0, 0]
[0, 0, 0, 0]
[0, 0, 0, 0]
1
[1, 2, 3, 4]
[2, 0, 0, 0]
[0, 0, 0, 0]
[0, 0, 0, 0]
[0, 0, 0, 0]
[0, 0, 0, 0]
-----------
0
[1, 0, 0, 0]
[0, 0, 0, 0]
[0, 0, 0, 0]
[0, 0, 0, 0]
[0, 0, 0, 0]
[0, 0, 0, 0]
1
[1, 2, 3, 4]
[2, 0, 0, 5]
[0, 0, 0, 0]
[0, 0, 0, 0]
[0, 0, 0, 0]
[0, 0, 0, 0]
-----------
0
[1, 0, 0, 0]
[0, 0, 0, 0]
[0, 0, 0, 0]
[0, 0, 0, 0]
[0, 0, 0, 0]
[0, 0, 0, 0]
1
[1, 2, 3, 4]
[2, 0, 0, 5]
[0, 0, 0, 6]
[0, 0, 0, 0]
[0, 0, 0, 0]
[0, 0, 0, 0]
-----------
0
[1, 0, 0, 0]
[0, 0, 0, 0]
[0, 0, 0, 0]
[0, 0, 0, 0]
[0, 0, 0, 0]
[0, 0, 0, 0]
1
[1, 2, 3, 4]
[2, 0, 0, 5]
[0, 0, 7, 6]
[0, 0, 0, 7]
[0, 0, 0, 0]
[0, 0, 0, 0]
-----------
0
[1, 0, 0, 0]
[0, 0, 0, 0]
[0, 0, 0, 0]
[0, 0, 0, 0]
[0, 0, 0, 0]
[0, 0, 0, 0]
1
[1, 2, 3, 4]
[2, 0, 0, 5]
[0, 0, 7, 6]
[0, 0, 8, 7]
[0, 0, 0, 0]
[0, 0, 0, 0]
-----------
0
[1, 0, 0, 0]
[0, 0, 0, 0]
[0, 0, 0, 0]
[0, 0, 0, 0]
[0, 0, 0, 0]
[0, 0, 0, 0]
1
[1, 2, 3, 4]
[2, 0, 0, 5]
[0, 8, 7, 6]
[0, 0, 8, 7]
[0, 0, 0, 0]
[0, 0, 0, 0]
-----------
0
[1, 0, 0, 0]
[0, 0, 0, 0]
[0, 0, 0, 0]
[0, 0, 0, 0]
[0, 0, 0, 0]
[0, 0, 0, 0]
1
[1, 2, 3, 4]
[2, 0, 0, 5]
[0, 8, 7, 6]
[0, 9, 8, 7]
[0, 0, 0, 0]
[0, 0, 0, 0]
-----------
0
[1, 0, 0, 0]
[0, 0, 0, 0]
[0, 0, 0, 0]
[0, 0, 0, 0]
[0, 0, 0, 0]
[0, 0, 0, 0]
1
[1, 2, 3, 4]
[2, 0, 0, 5]
[0, 8, 7, 6]
[0, 9, 8, 7]
[0, 0, 0, 0]
[0, 0, 0, 0]
-----------
0
[1, 0, 0, 0]
[0, 0, 0, 0]
[0, 0, 0, 0]
[0, 0, 0, 0]
[0, 0, 0, 0]
[0, 0, 0, 0]
1
[1, 2, 3, 4]
[2, 0, 0, 5]
[0, 8, 7, 6]
[10, 9, 8, 7]
[0, 0, 0, 0]
[0, 0, 0, 0]
-----------
0
[1, 0, 0, 0]
[0, 0, 0, 0]
[0, 0, 0, 0]
[0, 0, 0, 0]
[0, 0, 0, 0]
[0, 0, 0, 0]
1
[1, 2, 3, 4]
[2, 0, 0, 5]
[0, 8, 7, 6]
[10, 9, 8, 7]
[11, 0, 0, 0]
[0, 0, 0, 0]
-----------
0
[1, 0, 0, 0]
[0, 0, 0, 0]
[0, 0, 0, 0]
[0, 0, 0, 0]
[0, 0, 0, 0]
[0, 0, 0, 0]
1
[1, 2, 3, 4]
[2, 0, 0, 5]
[0, 8, 7, 6]
[10, 9, 8, 7]
[11, 0, 0, 0]
[12, 0, 0, 0]
-----------
0
[1, 0, 0, 0]
[0, 0, 0, 0]
[0, 0, 0, 0]
[0, 0, 0, 0]
[0, 0, 0, 0]
[0, 0, 0, 0]
1
[1, 2, 3, 4]
[2, 0, 0, 5]
[0, 8, 7, 6]
[10, 9, 8, 7]
[11, 0, 0, 0]
[12, 13, 0, 0]
-----------
0
[1, 0, 0, 0]
[0, 0, 0, 0]
[0, 0, 0, 0]
[0, 0, 0, 0]
[0, 0, 0, 0]
[0, 0, 0, 0]
1
[1, 2, 3, 4]
[2, 0, 0, 5]
[0, 8, 7, 6]
[10, 9, 8, 7]
[11, 0, 0, 0]
[12, 13, 14, 0]
15
