deque([(1, 1, 0, 0)])
deque([(0, 1, 1, 0), (2, 1, 1, 0), (1, 0, 1, 0), (1, 2, 1, 0)])
deque([(2, 1, 1, 0), (1, 0, 1, 0), (1, 2, 1, 0), (1, 1, 2, 0), (0, 0, 2, 0), (0, 2, 2, 0)])
deque([(1, 0, 1, 0), (1, 2, 1, 0), (1, 1, 2, 0), (0, 0, 2, 0), (0, 2, 2, 0), (3, 1, 2, 1), (2, 0, 2, 0), (2, 2, 2, 0)])
deque([(1, 2, 1, 0), (1, 1, 2, 0), (0, 0, 2, 0), (0, 2, 2, 0), (3, 1, 2, 1), (2, 0, 2, 0), (2, 2, 2, 0)])
deque([(1, 1, 2, 0), (0, 0, 2, 0), (0, 2, 2, 0), (3, 1, 2, 1), (2, 0, 2, 0), (2, 2, 2, 0), (1, 3, 2, 0)])
deque([(0, 0, 2, 0), (0, 2, 2, 0), (3, 1, 2, 1), (2, 0, 2, 0), (2, 2, 2, 0), (1, 3, 2, 0)])
deque([(0, 2, 2, 0), (3, 1, 2, 1), (2, 0, 2, 0), (2, 2, 2, 0), (1, 3, 2, 0)])
deque([(3, 1, 2, 1), (2, 0, 2, 0), (2, 2, 2, 0), (1, 3, 2, 0), (0, 3, 3, 0)])
deque([(2, 0, 2, 0), (2, 2, 2, 0), (1, 3, 2, 0), (0, 3, 3, 0), (2, 1, 3, 1), (4, 1, 3, 1), (3, 0, 3, 1), (3, 2, 3, 1)])
deque([(2, 2, 2, 0), (1, 3, 2, 0), (0, 3, 3, 0), (2, 1, 3, 1), (4, 1, 3, 1), (3, 0, 3, 1), (3, 2, 3, 1), (3, 0, 3, 0)])
deque([(1, 3, 2, 0), (0, 3, 3, 0), (2, 1, 3, 1), (4, 1, 3, 1), (3, 0, 3, 1), (3, 2, 3, 1), (3, 0, 3, 0), (3, 2, 3, 0), (2, 3, 3, 0)])
deque([(0, 3, 3, 0), (2, 1, 3, 1), (4, 1, 3, 1), (3, 0, 3, 1), (3, 2, 3, 1), (3, 0, 3, 0), (3, 2, 3, 0), (2, 3, 3, 0), (1, 4, 3, 0)])
deque([(2, 1, 3, 1), (4, 1, 3, 1), (3, 0, 3, 1), (3, 2, 3, 1), (3, 0, 3, 0), (3, 2, 3, 0), (2, 3, 3, 0), (1, 4, 3, 0), (0, 4, 4, 0)])
deque([(4, 1, 3, 1), (3, 0, 3, 1), (3, 2, 3, 1), (3, 0, 3, 0), (3, 2, 3, 0), (2, 3, 3, 0), (1, 4, 3, 0), (0, 4, 4, 0), (1, 1, 4, 1), (3, 1, 4, 2), (2, 0, 4, 1), (2, 2, 4, 1)])
deque([(3, 0, 3, 1), (3, 2, 3, 1), (3, 0, 3, 0), (3, 2, 3, 0), (2, 3, 3, 0), (1, 4, 3, 0), (0, 4, 4, 0), (1, 1, 4, 1), (3, 1, 4, 2), (2, 0, 4, 1), (2, 2, 4, 1), (4, 0, 4, 1), (4, 2, 4, 1)])
deque([(3, 2, 3, 1), (3, 0, 3, 0), (3, 2, 3, 0), (2, 3, 3, 0), (1, 4, 3, 0), (0, 4, 4, 0), (1, 1, 4, 1), (3, 1, 4, 2), (2, 0, 4, 1), (2, 2, 4, 1), (4, 0, 4, 1), (4, 2, 4, 1)])
deque([(3, 0, 3, 0), (3, 2, 3, 0), (2, 3, 3, 0), (1, 4, 3, 0), (0, 4, 4, 0), (1, 1, 4, 1), (3, 1, 4, 2), (2, 0, 4, 1), (2, 2, 4, 1), (4, 0, 4, 1), (4, 2, 4, 1), (3, 3, 4, 1)])
deque([(3, 2, 3, 0), (2, 3, 3, 0), (1, 4, 3, 0), (0, 4, 4, 0), (1, 1, 4, 1), (3, 1, 4, 2), (2, 0, 4, 1), (2, 2, 4, 1), (4, 0, 4, 1), (4, 2, 4, 1), (3, 3, 4, 1), (4, 0, 4, 0)])
deque([(2, 3, 3, 0), (1, 4, 3, 0), (0, 4, 4, 0), (1, 1, 4, 1), (3, 1, 4, 2), (2, 0, 4, 1), (2, 2, 4, 1), (4, 0, 4, 1), (4, 2, 4, 1), (3, 3, 4, 1), (4, 0, 4, 0), (4, 2, 4, 0), (3, 3, 4, 0)])
deque([(1, 4, 3, 0), (0, 4, 4, 0), (1, 1, 4, 1), (3, 1, 4, 2), (2, 0, 4, 1), (2, 2, 4, 1), (4, 0, 4, 1), (4, 2, 4, 1), (3, 3, 4, 1), (4, 0, 4, 0), (4, 2, 4, 0), (3, 3, 4, 0), (2, 4, 4, 0)])
deque([(0, 4, 4, 0), (1, 1, 4, 1), (3, 1, 4, 2), (2, 0, 4, 1), (2, 2, 4, 1), (4, 0, 4, 1), (4, 2, 4, 1), (3, 3, 4, 1), (4, 0, 4, 0), (4, 2, 4, 0), (3, 3, 4, 0), (2, 4, 4, 0), (1, 5, 4, 1)])
deque([(1, 1, 4, 1), (3, 1, 4, 2), (2, 0, 4, 1), (2, 2, 4, 1), (4, 0, 4, 1), (4, 2, 4, 1), (3, 3, 4, 1), (4, 0, 4, 0), (4, 2, 4, 0), (3, 3, 4, 0), (2, 4, 4, 0), (1, 5, 4, 1), (0, 5, 5, 0)])
deque([(3, 1, 4, 2), (2, 0, 4, 1), (2, 2, 4, 1), (4, 0, 4, 1), (4, 2, 4, 1), (3, 3, 4, 1), (4, 0, 4, 0), (4, 2, 4, 0), (3, 3, 4, 0), (2, 4, 4, 0), (1, 5, 4, 1), (0, 5, 5, 0), (0, 1, 5, 1), (1, 0, 5, 1), (1, 2, 5, 1)])
deque([(2, 0, 4, 1), (2, 2, 4, 1), (4, 0, 4, 1), (4, 2, 4, 1), (3, 3, 4, 1), (4, 0, 4, 0), (4, 2, 4, 0), (3, 3, 4, 0), (2, 4, 4, 0), (1, 5, 4, 1), (0, 5, 5, 0), (0, 1, 5, 1), (1, 0, 5, 1), (1, 2, 5, 1), (2, 1, 5, 2), (4, 1, 5, 2), (3, 0, 5, 2), (3, 2, 5, 2)])
deque([(2, 2, 4, 1), (4, 0, 4, 1), (4, 2, 4, 1), (3, 3, 4, 1), (4, 0, 4, 0), (4, 2, 4, 0), (3, 3, 4, 0), (2, 4, 4, 0), (1, 5, 4, 1), (0, 5, 5, 0), (0, 1, 5, 1), (1, 0, 5, 1), (1, 2, 5, 1), (2, 1, 5, 2), (4, 1, 5, 2), (3, 0, 5, 2), (3, 2, 5, 2)])
deque([(4, 0, 4, 1), (4, 2, 4, 1), (3, 3, 4, 1), (4, 0, 4, 0), (4, 2, 4, 0), (3, 3, 4, 0), (2, 4, 4, 0), (1, 5, 4, 1), (0, 5, 5, 0), (0, 1, 5, 1), (1, 0, 5, 1), (1, 2, 5, 1), (2, 1, 5, 2), (4, 1, 5, 2), (3, 0, 5, 2), (3, 2, 5, 2), (2, 3, 5, 1)])
deque([(4, 2, 4, 1), (3, 3, 4, 1), (4, 0, 4, 0), (4, 2, 4, 0), (3, 3, 4, 0), (2, 4, 4, 0), (1, 5, 4, 1), (0, 5, 5, 0), (0, 1, 5, 1), (1, 0, 5, 1), (1, 2, 5, 1), (2, 1, 5, 2), (4, 1, 5, 2), (3, 0, 5, 2), (3, 2, 5, 2), (2, 3, 5, 1)])
deque([(3, 3, 4, 1), (4, 0, 4, 0), (4, 2, 4, 0), (3, 3, 4, 0), (2, 4, 4, 0), (1, 5, 4, 1), (0, 5, 5, 0), (0, 1, 5, 1), (1, 0, 5, 1), (1, 2, 5, 1), (2, 1, 5, 2), (4, 1, 5, 2), (3, 0, 5, 2), (3, 2, 5, 2), (2, 3, 5, 1), (4, 3, 5, 1)])
deque([(4, 0, 4, 0), (4, 2, 4, 0), (3, 3, 4, 0), (2, 4, 4, 0), (1, 5, 4, 1), (0, 5, 5, 0), (0, 1, 5, 1), (1, 0, 5, 1), (1, 2, 5, 1), (2, 1, 5, 2), (4, 1, 5, 2), (3, 0, 5, 2), (3, 2, 5, 2), (2, 3, 5, 1), (4, 3, 5, 1), (3, 4, 5, 1)])
deque([(4, 2, 4, 0), (3, 3, 4, 0), (2, 4, 4, 0), (1, 5, 4, 1), (0, 5, 5, 0), (0, 1, 5, 1), (1, 0, 5, 1), (1, 2, 5, 1), (2, 1, 5, 2), (4, 1, 5, 2), (3, 0, 5, 2), (3, 2, 5, 2), (2, 3, 5, 1), (4, 3, 5, 1), (3, 4, 5, 1), (4, 1, 5, 0)])
deque([(3, 3, 4, 0), (2, 4, 4, 0), (1, 5, 4, 1), (0, 5, 5, 0), (0, 1, 5, 1), (1, 0, 5, 1), (1, 2, 5, 1), (2, 1, 5, 2), (4, 1, 5, 2), (3, 0, 5, 2), (3, 2, 5, 2), (2, 3, 5, 1), (4, 3, 5, 1), (3, 4, 5, 1), (4, 1, 5, 0), (4, 3, 5, 0)])
deque([(2, 4, 4, 0), (1, 5, 4, 1), (0, 5, 5, 0), (0, 1, 5, 1), (1, 0, 5, 1), (1, 2, 5, 1), (2, 1, 5, 2), (4, 1, 5, 2), (3, 0, 5, 2), (3, 2, 5, 2), (2, 3, 5, 1), (4, 3, 5, 1), (3, 4, 5, 1), (4, 1, 5, 0), (4, 3, 5, 0), (3, 4, 5, 0)])
deque([(1, 5, 4, 1), (0, 5, 5, 0), (0, 1, 5, 1), (1, 0, 5, 1), (1, 2, 5, 1), (2, 1, 5, 2), (4, 1, 5, 2), (3, 0, 5, 2), (3, 2, 5, 2), (2, 3, 5, 1), (4, 3, 5, 1), (3, 4, 5, 1), (4, 1, 5, 0), (4, 3, 5, 0), (3, 4, 5, 0), (2, 5, 5, 0)])
deque([(0, 5, 5, 0), (0, 1, 5, 1), (1, 0, 5, 1), (1, 2, 5, 1), (2, 1, 5, 2), (4, 1, 5, 2), (3, 0, 5, 2), (3, 2, 5, 2), (2, 3, 5, 1), (4, 3, 5, 1), (3, 4, 5, 1), (4, 1, 5, 0), (4, 3, 5, 0), (3, 4, 5, 0), (2, 5, 5, 0), (0, 5, 5, 1), (2, 5, 5, 1), (1, 4, 5, 1), (1, 6, 5, 1)])
deque([(0, 1, 5, 1), (1, 0, 5, 1), (1, 2, 5, 1), (2, 1, 5, 2), (4, 1, 5, 2), (3, 0, 5, 2), (3, 2, 5, 2), (2, 3, 5, 1), (4, 3, 5, 1), (3, 4, 5, 1), (4, 1, 5, 0), (4, 3, 5, 0), (3, 4, 5, 0), (2, 5, 5, 0), (0, 5, 5, 1), (2, 5, 5, 1), (1, 4, 5, 1), (1, 6, 5, 1), (0, 6, 6, 0)])
deque([(1, 0, 5, 1), (1, 2, 5, 1), (2, 1, 5, 2), (4, 1, 5, 2), (3, 0, 5, 2), (3, 2, 5, 2), (2, 3, 5, 1), (4, 3, 5, 1), (3, 4, 5, 1), (4, 1, 5, 0), (4, 3, 5, 0), (3, 4, 5, 0), (2, 5, 5, 0), (0, 5, 5, 1), (2, 5, 5, 1), (1, 4, 5, 1), (1, 6, 5, 1), (0, 6, 6, 0), (0, 0, 6, 1), (0, 2, 6, 1)])
deque([(1, 2, 5, 1), (2, 1, 5, 2), (4, 1, 5, 2), (3, 0, 5, 2), (3, 2, 5, 2), (2, 3, 5, 1), (4, 3, 5, 1), (3, 4, 5, 1), (4, 1, 5, 0), (4, 3, 5, 0), (3, 4, 5, 0), (2, 5, 5, 0), (0, 5, 5, 1), (2, 5, 5, 1), (1, 4, 5, 1), (1, 6, 5, 1), (0, 6, 6, 0), (0, 0, 6, 1), (0, 2, 6, 1)])
deque([(2, 1, 5, 2), (4, 1, 5, 2), (3, 0, 5, 2), (3, 2, 5, 2), (2, 3, 5, 1), (4, 3, 5, 1), (3, 4, 5, 1), (4, 1, 5, 0), (4, 3, 5, 0), (3, 4, 5, 0), (2, 5, 5, 0), (0, 5, 5, 1), (2, 5, 5, 1), (1, 4, 5, 1), (1, 6, 5, 1), (0, 6, 6, 0), (0, 0, 6, 1), (0, 2, 6, 1), (1, 3, 6, 1)])
deque([(4, 1, 5, 2), (3, 0, 5, 2), (3, 2, 5, 2), (2, 3, 5, 1), (4, 3, 5, 1), (3, 4, 5, 1), (4, 1, 5, 0), (4, 3, 5, 0), (3, 4, 5, 0), (2, 5, 5, 0), (0, 5, 5, 1), (2, 5, 5, 1), (1, 4, 5, 1), (1, 6, 5, 1), (0, 6, 6, 0), (0, 0, 6, 1), (0, 2, 6, 1), (1, 3, 6, 1), (1, 1, 6, 2), (3, 1, 6, 3), (2, 0, 6, 2), (2, 2, 6, 2)])
deque([(3, 0, 5, 2), (3, 2, 5, 2), (2, 3, 5, 1), (4, 3, 5, 1), (3, 4, 5, 1), (4, 1, 5, 0), (4, 3, 5, 0), (3, 4, 5, 0), (2, 5, 5, 0), (0, 5, 5, 1), (2, 5, 5, 1), (1, 4, 5, 1), (1, 6, 5, 1), (0, 6, 6, 0), (0, 0, 6, 1), (0, 2, 6, 1), (1, 3, 6, 1), (1, 1, 6, 2), (3, 1, 6, 3), (2, 0, 6, 2), (2, 2, 6, 2), (4, 0, 6, 2), (4, 2, 6, 2)])
deque([(3, 2, 5, 2), (2, 3, 5, 1), (4, 3, 5, 1), (3, 4, 5, 1), (4, 1, 5, 0), (4, 3, 5, 0), (3, 4, 5, 0), (2, 5, 5, 0), (0, 5, 5, 1), (2, 5, 5, 1), (1, 4, 5, 1), (1, 6, 5, 1), (0, 6, 6, 0), (0, 0, 6, 1), (0, 2, 6, 1), (1, 3, 6, 1), (1, 1, 6, 2), (3, 1, 6, 3), (2, 0, 6, 2), (2, 2, 6, 2), (4, 0, 6, 2), (4, 2, 6, 2)])
deque([(2, 3, 5, 1), (4, 3, 5, 1), (3, 4, 5, 1), (4, 1, 5, 0), (4, 3, 5, 0), (3, 4, 5, 0), (2, 5, 5, 0), (0, 5, 5, 1), (2, 5, 5, 1), (1, 4, 5, 1), (1, 6, 5, 1), (0, 6, 6, 0), (0, 0, 6, 1), (0, 2, 6, 1), (1, 3, 6, 1), (1, 1, 6, 2), (3, 1, 6, 3), (2, 0, 6, 2), (2, 2, 6, 2), (4, 0, 6, 2), (4, 2, 6, 2), (3, 3, 6, 2)])
deque([(4, 3, 5, 1), (3, 4, 5, 1), (4, 1, 5, 0), (4, 3, 5, 0), (3, 4, 5, 0), (2, 5, 5, 0), (0, 5, 5, 1), (2, 5, 5, 1), (1, 4, 5, 1), (1, 6, 5, 1), (0, 6, 6, 0), (0, 0, 6, 1), (0, 2, 6, 1), (1, 3, 6, 1), (1, 1, 6, 2), (3, 1, 6, 3), (2, 0, 6, 2), (2, 2, 6, 2), (4, 0, 6, 2), (4, 2, 6, 2), (3, 3, 6, 2), (2, 4, 6, 1)])
deque([(3, 4, 5, 1), (4, 1, 5, 0), (4, 3, 5, 0), (3, 4, 5, 0), (2, 5, 5, 0), (0, 5, 5, 1), (2, 5, 5, 1), (1, 4, 5, 1), (1, 6, 5, 1), (0, 6, 6, 0), (0, 0, 6, 1), (0, 2, 6, 1), (1, 3, 6, 1), (1, 1, 6, 2), (3, 1, 6, 3), (2, 0, 6, 2), (2, 2, 6, 2), (4, 0, 6, 2), (4, 2, 6, 2), (3, 3, 6, 2), (2, 4, 6, 1), (4, 4, 6, 1)])
deque([(4, 1, 5, 0), (4, 3, 5, 0), (3, 4, 5, 0), (2, 5, 5, 0), (0, 5, 5, 1), (2, 5, 5, 1), (1, 4, 5, 1), (1, 6, 5, 1), (0, 6, 6, 0), (0, 0, 6, 1), (0, 2, 6, 1), (1, 3, 6, 1), (1, 1, 6, 2), (3, 1, 6, 3), (2, 0, 6, 2), (2, 2, 6, 2), (4, 0, 6, 2), (4, 2, 6, 2), (3, 3, 6, 2), (2, 4, 6, 1), (4, 4, 6, 1), (3, 5, 6, 2)])
deque([(4, 3, 5, 0), (3, 4, 5, 0), (2, 5, 5, 0), (0, 5, 5, 1), (2, 5, 5, 1), (1, 4, 5, 1), (1, 6, 5, 1), (0, 6, 6, 0), (0, 0, 6, 1), (0, 2, 6, 1), (1, 3, 6, 1), (1, 1, 6, 2), (3, 1, 6, 3), (2, 0, 6, 2), (2, 2, 6, 2), (4, 0, 6, 2), (4, 2, 6, 2), (3, 3, 6, 2), (2, 4, 6, 1), (4, 4, 6, 1), (3, 5, 6, 2)])
deque([(3, 4, 5, 0), (2, 5, 5, 0), (0, 5, 5, 1), (2, 5, 5, 1), (1, 4, 5, 1), (1, 6, 5, 1), (0, 6, 6, 0), (0, 0, 6, 1), (0, 2, 6, 1), (1, 3, 6, 1), (1, 1, 6, 2), (3, 1, 6, 3), (2, 0, 6, 2), (2, 2, 6, 2), (4, 0, 6, 2), (4, 2, 6, 2), (3, 3, 6, 2), (2, 4, 6, 1), (4, 4, 6, 1), (3, 5, 6, 2), (4, 4, 6, 0)])
deque([(2, 5, 5, 0), (0, 5, 5, 1), (2, 5, 5, 1), (1, 4, 5, 1), (1, 6, 5, 1), (0, 6, 6, 0), (0, 0, 6, 1), (0, 2, 6, 1), (1, 3, 6, 1), (1, 1, 6, 2), (3, 1, 6, 3), (2, 0, 6, 2), (2, 2, 6, 2), (4, 0, 6, 2), (4, 2, 6, 2), (3, 3, 6, 2), (2, 4, 6, 1), (4, 4, 6, 1), (3, 5, 6, 2), (4, 4, 6, 0), (3, 5, 6, 1)])
deque([(0, 5, 5, 1), (2, 5, 5, 1), (1, 4, 5, 1), (1, 6, 5, 1), (0, 6, 6, 0), (0, 0, 6, 1), (0, 2, 6, 1), (1, 3, 6, 1), (1, 1, 6, 2), (3, 1, 6, 3), (2, 0, 6, 2), (2, 2, 6, 2), (4, 0, 6, 2), (4, 2, 6, 2), (3, 3, 6, 2), (2, 4, 6, 1), (4, 4, 6, 1), (3, 5, 6, 2), (4, 4, 6, 0), (3, 5, 6, 1), (2, 6, 6, 0)])
deque([(2, 5, 5, 1), (1, 4, 5, 1), (1, 6, 5, 1), (0, 6, 6, 0), (0, 0, 6, 1), (0, 2, 6, 1), (1, 3, 6, 1), (1, 1, 6, 2), (3, 1, 6, 3), (2, 0, 6, 2), (2, 2, 6, 2), (4, 0, 6, 2), (4, 2, 6, 2), (3, 3, 6, 2), (2, 4, 6, 1), (4, 4, 6, 1), (3, 5, 6, 2), (4, 4, 6, 0), (3, 5, 6, 1), (2, 6, 6, 0), (1, 5, 6, 2), (0, 4, 6, 1), (0, 6, 6, 1)])
deque([(1, 4, 5, 1), (1, 6, 5, 1), (0, 6, 6, 0), (0, 0, 6, 1), (0, 2, 6, 1), (1, 3, 6, 1), (1, 1, 6, 2), (3, 1, 6, 3), (2, 0, 6, 2), (2, 2, 6, 2), (4, 0, 6, 2), (4, 2, 6, 2), (3, 3, 6, 2), (2, 4, 6, 1), (4, 4, 6, 1), (3, 5, 6, 2), (4, 4, 6, 0), (3, 5, 6, 1), (2, 6, 6, 0), (1, 5, 6, 2), (0, 4, 6, 1), (0, 6, 6, 1), (2, 6, 6, 1)])
deque([(1, 6, 5, 1), (0, 6, 6, 0), (0, 0, 6, 1), (0, 2, 6, 1), (1, 3, 6, 1), (1, 1, 6, 2), (3, 1, 6, 3), (2, 0, 6, 2), (2, 2, 6, 2), (4, 0, 6, 2), (4, 2, 6, 2), (3, 3, 6, 2), (2, 4, 6, 1), (4, 4, 6, 1), (3, 5, 6, 2), (4, 4, 6, 0), (3, 5, 6, 1), (2, 6, 6, 0), (1, 5, 6, 2), (0, 4, 6, 1), (0, 6, 6, 1), (2, 6, 6, 1)])
deque([(0, 6, 6, 0), (0, 0, 6, 1), (0, 2, 6, 1), (1, 3, 6, 1), (1, 1, 6, 2), (3, 1, 6, 3), (2, 0, 6, 2), (2, 2, 6, 2), (4, 0, 6, 2), (4, 2, 6, 2), (3, 3, 6, 2), (2, 4, 6, 1), (4, 4, 6, 1), (3, 5, 6, 2), (4, 4, 6, 0), (3, 5, 6, 1), (2, 6, 6, 0), (1, 5, 6, 2), (0, 4, 6, 1), (0, 6, 6, 1), (2, 6, 6, 1)])
deque([(0, 0, 6, 1), (0, 2, 6, 1), (1, 3, 6, 1), (1, 1, 6, 2), (3, 1, 6, 3), (2, 0, 6, 2), (2, 2, 6, 2), (4, 0, 6, 2), (4, 2, 6, 2), (3, 3, 6, 2), (2, 4, 6, 1), (4, 4, 6, 1), (3, 5, 6, 2), (4, 4, 6, 0), (3, 5, 6, 1), (2, 6, 6, 0), (1, 5, 6, 2), (0, 4, 6, 1), (0, 6, 6, 1), (2, 6, 6, 1), (1, 6, 7, 0)])
deque([(0, 2, 6, 1), (1, 3, 6, 1), (1, 1, 6, 2), (3, 1, 6, 3), (2, 0, 6, 2), (2, 2, 6, 2), (4, 0, 6, 2), (4, 2, 6, 2), (3, 3, 6, 2), (2, 4, 6, 1), (4, 4, 6, 1), (3, 5, 6, 2), (4, 4, 6, 0), (3, 5, 6, 1), (2, 6, 6, 0), (1, 5, 6, 2), (0, 4, 6, 1), (0, 6, 6, 1), (2, 6, 6, 1), (1, 6, 7, 0)])
deque([(1, 3, 6, 1), (1, 1, 6, 2), (3, 1, 6, 3), (2, 0, 6, 2), (2, 2, 6, 2), (4, 0, 6, 2), (4, 2, 6, 2), (3, 3, 6, 2), (2, 4, 6, 1), (4, 4, 6, 1), (3, 5, 6, 2), (4, 4, 6, 0), (3, 5, 6, 1), (2, 6, 6, 0), (1, 5, 6, 2), (0, 4, 6, 1), (0, 6, 6, 1), (2, 6, 6, 1), (1, 6, 7, 0), (0, 3, 7, 1)])
deque([(1, 1, 6, 2), (3, 1, 6, 3), (2, 0, 6, 2), (2, 2, 6, 2), (4, 0, 6, 2), (4, 2, 6, 2), (3, 3, 6, 2), (2, 4, 6, 1), (4, 4, 6, 1), (3, 5, 6, 2), (4, 4, 6, 0), (3, 5, 6, 1), (2, 6, 6, 0), (1, 5, 6, 2), (0, 4, 6, 1), (0, 6, 6, 1), (2, 6, 6, 1), (1, 6, 7, 0), (0, 3, 7, 1)])
deque([(3, 1, 6, 3), (2, 0, 6, 2), (2, 2, 6, 2), (4, 0, 6, 2), (4, 2, 6, 2), (3, 3, 6, 2), (2, 4, 6, 1), (4, 4, 6, 1), (3, 5, 6, 2), (4, 4, 6, 0), (3, 5, 6, 1), (2, 6, 6, 0), (1, 5, 6, 2), (0, 4, 6, 1), (0, 6, 6, 1), (2, 6, 6, 1), (1, 6, 7, 0), (0, 3, 7, 1), (0, 1, 7, 2), (1, 0, 7, 2), (1, 2, 7, 2)])
6
