5 100
19
1
2 1 1 5 105 5
2 2 1 5 100 5
3 3 1 12 100 2
5 1 0
3 4 1 8 90 8
3 5 1 1 110 1
2 6 1 11 110 0
5 1 20
2 7 1 1 80 1
2 8 1 1 85 1
3 9 1 3 70 1
4 9
2 10 1 1 70 1
5 1 20
3 11 5 500000 1000000 500000
3 12 5 499999 999999 499999
2 13 5 1000000 1000000 1
5 5 1
11
1
2 1 1 5 100 5
2 2 1 5 100 5
3 3 1 8 100 0
4 2
3 4 1 2 100 2
3 5 2 5 100 5
3 6 2 5 100 5
2 7 2 8 100 0
4 6
2 8 2 2 100 2
276
1
3 1 3 145517 140463 145517
2 2 1 888636 402540 888636
3 3 3 402893 860890 402893
2 4 3 27667 263305 0
3 5 5 563716 389630 563716
5 3 0
2 6 4 585276 845006 585276
4 2
5 3 0
2 7 4 690250 571511 690250
4 5
2 8 2 608449 733265 608449
2 9 2 956092 457955 956092
2 10 4 398860 40411 398860
3 11 3 883251 556874 883251
4 11
4 9
3 12 5 553408 142615 553408
2 13 1 144413 641319 144413
5 3 0
4 8
4 13
4 1
4 3
3 14 5 91348 237002 91348
4 3
3 15 5 162464 505509 162464
3 16 4 692963 102989 0
3 17 3 688148 502198 688148
3 18 4 884929 479532 302366
2 19 4 75168 959041 0
2 20 5 714246 365768 69490
5 5 94387
2 21 2 916146 913151 916146
5 4 0
2 22 4 79578 773936 0
3 23 5 909771 364952 840281
4 5
3 24 2 249948 373828 0
2 25 1 308313 199311 308313
4 8
3 26 2 406062 651011 0
2 27 4 611947 842918 464327
4 21
2 28 1 809421 659178 809421
2 29 4 812146 903070 812146
2 30 5 56513 891754 0
3 31 5 571254 183360 571254
2 32 5 890134 895225 0
3 33 1 42087 860111 42087
2 34 1 605234 391331 605234
2 35 2 562696 366329 562696
3 36 5 87162 632055 87162
4 2
5 2 0
4 5
3 37 1 771815 362314 0
3 38 5 772653 361442 772653
3 39 2 356036 311362 0
3 40 2 997030 933737 997030
2 41 2 265999 361783 265999
2 42 2 460159 628531 460159
2 43 4 188796 727431 188796
4 11
5 3 0
3 44 5 311298 575053 311298
2 45 5 768488 776007 0
3 46 1 816596 647783 778990
3 47 3 789408 193611 789408
4 11
3 48 4 55061 467278 0
2 49 3 235253 843367 0
2 50 1 163025 173645 163025
2 51 2 530246 548914 530246
2 52 3 79537 874984 0
2 53 1 243445 845672 0
2 54 4 782009 869581 782009
2 55 2 996647 806550 996647
3 56 1 393326 338088 0
4 47
5 3 53148
2 57 4 940438 934245 940438
3 58 2 470247 55245 0
3 59 5 428660 863284 428660
2 60 4 865407 377584 865407
4 3
2 61 4 60974 552959 60974
4 36
3 62 5 388909 301826 388909
3 63 4 788126 286311 0
3 64 2 34 692073 0
5 4 454713
3 65 4 697209 969171 697209
2 66 1 178419 182709 178419
3 67 5 747062 862934 747062
2 68 4 846254 75189 846254
3 69 3 226313 405559 226313
5 4 454713
4 25
3 70 4 392821 156387 0
4 2
5 2 440221
2 71 5 680306 748593 0
3 72 1 22340 940127 22340
3 73 1 371593 824260 371593
2 74 2 981855 164578 981855
2 75 1 717669 952095 0
4 74
2 76 4 813072 616392 813072
3 77 1 939048 572585 939048
3 78 1 450314 46927 0
4 5
5 4 454713
2 79 1 537532 656432 0
3 80 4 888734 803781 0
3 81 3 19948 116951 19948
3 82 2 895129 970028 895129
4 11
4 1
4 33
2 83 2 898390 719147 898390
3 84 2 155532 620652 0
3 85 2 453403 203571 0
2 86 3 772941 21407 772941
2 87 4 910961 860789 910961
4 10
3 88 1 368734 312298 368734
2 89 5 127853 19660 127853
5 4 454713
2 90 2 103542 495465 103542
3 91 4 880435 810827 0
3 92 1 735006 668790 735006
5 5 223153
4 36
3 93 5 192931 93991 192931
2 94 1 368910 594000 0
5 3 53148
3 95 3 680793 66479 680793
2 96 4 932705 168414 932705
2 97 2 995800 101850 995800
4 9
5 2 440221
3 98 5 312015 356576 312015
4 27
2 99 3 417728 642610 0
5 3 53148
2 100 2 337827 552884 337827
4 69
2 101 1 562818 951993 0
3 102 3 681111 120201 681111
3 103 2 649208 827891 649208
2 104 5 541450 405367 0
3 105 2 910355 365144 0
3 106 2 506304 378785 0
3 107 1 122784 924446 122784
2 108 1 730919 801758 157391
3 109 1 637228 510072 479837
2 110 3 352811 567299 0
2 111 3 2116 520604 0
2 112 3 664505 872739 0
3 113 2 845364 987134 845364
3 114 3 868095 101461 868095
3 115 3 18186 36821 18186
4 8
5 5 270961
4 5
3 116 3 992452 932836 992452
3 117 3 689826 397339 689826
4 117
4 17
3 118 2 882433 61168 0
2 119 2 336992 145755 336992
2 120 4 44926 54836 44926
3 121 4 298421 491536 0
2 122 4 805760 538568 805760
3 123 4 525951 832567 383995
3 124 4 944949 289983 0
3 125 2 120585 634693 120585
3 126 1 152072 563633 152072
3 127 4 791906 525359 0
3 128 1 6312 427632 6312
2 129 4 870932 822890 870932
4 25
2 130 1 991350 740911 353129
3 131 3 439378 624385 439378
4 82
3 132 5 623567 478835 623567
5 4 454713
2 133 5 878631 858467 0
4 9
3 134 1 356127 642151 2998
5 1 628113
3 135 3 600396 579435 600396
2 136 4 582197 428385 582197
3 137 5 896709 993505 896709
2 138 2 540197 666329 419612
2 139 5 654274 414362 654274
4 60
2 140 4 585863 44216 585863
3 141 3 458608 480958 458608
2 142 5 786548 133915 786548
3 143 5 521526 436881 521526
5 4 454713
2 144 3 105658 81645 87472
4 120
4 1
2 145 5 256840 676768 0
3 146 3 243354 295899 243354
3 147 1 13878 339486 13878
2 148 1 304872 821129 287996
5 1 628113
5 4 454713
2 149 1 658250 638024 658250
3 150 3 981731 655887 981731
4 140
3 151 5 712662 362845 58388
2 152 4 741654 392989 741654
3 153 5 958822 903704 958822
3 154 3 741800 901243 741800
4 10
2 155 3 72445 125196 0
2 156 5 14150 229610 14150
4 129
2 157 4 367722 947596 0
2 158 2 329016 257391 329016
3 159 5 567975 215469 553825
2 160 2 223768 915680 0
3 161 3 801358 781610 801358
2 162 1 253360 770543 253360
2 163 1 830732 866713 641263
3 164 2 960847 368402 541235
2 165 4 312462 214094 312462
3 166 4 703296 458943 571549
4 13
2 167 2 284134 795729 0
3 168 2 484638 832787 484638
2 169 5 296826 487055 0
2 170 2 229171 349872 229171
3 171 1 620802 395015 0
4 119
2 172 1 423805 621476 423805
2 173 1 886308 955264 741184
3 174 3 592018 16453 0
3 175 2 130185 777794 130185
4 159
3 176 2 346251 934962 346251
3 177 3 217422 914134 217422
3 178 2 354505 924309 354505
4 44
2 179 2 210936 729566 0
3 180 5 995796 491217 995796
2 181 2 310469 584169 264304
2 182 3 917643 751277 0
2 183 5 993197 844038 0
3 184 1 779377 652353 0
2 185 2 715877 994577 0
2 186 5 307353 376203 307353
3 187 1 218465 585193 0
3 188 1 294040 863688 294040
2 189 2 737432 492330 737432
2 190 4 869059 278388 869059
2 191 4 879614 743601 308065
3 192 3 253680 117645 253680
2 193 3 868295 170074 614615
4 153
5 2 466458
2 194 3 873860 73415 873860
3 195 4 916344 460927 608279
3 196 5 560715 618429 560715
3 197 4 765892 47925 0
2 198 4 876492 157532 876492
2 199 4 812976 584111 204697
2 200 1 190563 682155 190563
4 96
5 4 454713
276
1
3 1 4 550687 443462 550687
4 1
3 2 3 446143 5941 446143
2 3 3 284880 669274 0
2 4 3 35496 919521 0
3 5 1 247093 552119 247093
3 6 5 844108 601804 844108
2 7 2 997029 429908 997029
2 8 3 987610 813898 861843
3 9 3 424940 867560 424940
2 10 1 816510 217648 816510
3 11 3 871384 175142 9541
3 12 5 576486 515411 576486
4 7
4 12
3 13 3 740926 368585 740926
4 1
2 14 4 514870 83315 514870
2 15 2 90519 99396 90519
5 3 807957
3 16 2 519154 181056 519154
3 17 1 454397 945712 454397
3 18 1 812968 906540 812968
4 12
2 19 3 832278 187843 822737
2 20 1 475538 112638 475538
4 14
2 21 4 137226 137192 137226
4 21
2 22 2 49689 61991 49689
2 23 3 479614 500536 0
5 3 807957
5 3 807957
3 24 1 588284 708710 588284
2 25 3 329791 5568 329791
4 10
3 26 3 262232 39508 0
3 27 5 429925 926669 429925
2 28 3 471807 408999 210495
3 29 5 770575 605902 770575
3 30 2 991298 433685 991298
3 31 5 920136 75505 920136
5 3 807957
3 32 1 840754 972310 840754
5 3 807957
4 24
2 33 4 391572 346308 391572
2 34 4 302409 906010 302409
2 35 1 764982 759688 517889
5 3 807957
2 36 5 831467 351099 0
2 37 3 197433 837578 197433
2 38 5 430872 588373 342203
4 18
4 30
3 39 3 391908 739563 194475
3 40 3 430082 386539 219587
2 41 4 14924 285334 14924
2 42 3 855680 570472 636093
2 43 2 366211 263202 0
3 44 4 4827 118856 0
2 45 1 928564 538275 928564
3 46 5 936671 18687 594468
2 47 2 539599 865198 386656
2 48 4 797018 281988 797018
4 6
2 49 1 616710 618164 616710
4 48
2 50 1 344643 820319 344643
2 51 5 574203 271349 0
4 46
3 52 1 527318 231792 0
2 53 3 949070 275879 949070
2 54 3 746862 752314 552387
2 55 4 417044 668706 417044
2 56 2 358014 681562 358014
2 57 5 437329 18724 437329
2 58 2 909587 519493 909587
3 59 3 365553 189380 0
2 60 4 220857 138736 220857
3 61 1 625121 290135 0
4 21
2 62 2 248991 879950 248991
5 5 512868
2 63 4 877721 83463 877721
2 64 4 812903 138255 812903
2 65 3 479873 784742 479873
3 66 3 610191 900985 610191
3 67 5 398909 681177 398909
2 68 1 953853 781691 953853
3 69 2 673858 461819 0
2 70 3 534982 853653 534982
3 71 2 203269 321003 0
4 65
4 42
4 14
2 72 1 865470 800511 865470
2 73 2 789701 431897 789701
3 74 3 351940 552729 0
4 42
4 20
2 75 5 81904 92898 81904
4 58
3 76 4 30319 150973 0
2 77 4 256180 404434 256180
4 60
3 78 4 382917 723437 115654
3 79 5 107424 812052 107424
4 46
5 5 512868
3 80 5 341700 154083 341700
2 81 3 382121 751507 382121
4 42
2 82 2 803948 598102 803948
3 83 3 684457 680412 0
2 84 3 362007 876929 0
2 85 3 646836 873848 583903
3 86 5 941379 839834 941379
3 87 5 943371 266402 943371
3 88 3 536086 212912 0
5 2 698894
3 89 3 834576 303947 719219
3 90 2 616991 725376 616991
3 91 1 39094 999909 39094
4 42
3 92 1 924362 298353 0
2 93 4 316840 735832 201186
2 94 2 250563 582034 250563
3 95 5 223175 11806 0
5 2 698894
4 24
3 96 4 163487 529770 0
5 1 268200
4 10
3 97 1 330840 672738 0
3 98 5 422615 924791 422615
2 99 4 922949 716494 922949
5 4 12395
3 100 4 206233 136346 0
3 101 4 776880 424971 0
2 102 2 335889 648900 335889
2 103 3 362633 437744 0
2 104 5 370183 709114 0
3 105 2 617759 728723 617759
5 4 12395
4 29
3 106 4 926346 109409 0
2 107 2 766813 214632 766813
2 108 2 846761 458718 846761
2 109 4 17396 668910 17396
2 110 1 707078 609124 707078
4 56
3 111 4 373679 899476 373679
3 112 4 255764 469659 238368
2 113 4 455613 462137 455613
4 25
3 114 2 193502 940747 193502
3 115 1 598434 897374 598434
2 116 5 653954 957781 0
4 29
5 3 867907
3 117 2 547874 393193 0
3 118 2 389468 210107 0
2 119 2 341971 477075 341971
4 14
2 120 5 562484 70987 562484
3 121 3 767560 880861 767560
2 122 2 100074 835420 0
3 123 4 594266 17979 0
2 124 2 701082 808468 0
2 125 2 925808 486496 925808
3 126 1 914792 840639 914792
3 127 2 81935 895414 81935
2 128 4 688186 185644 688186
3 129 4 718973 668908 718973
2 130 2 891060 222118 891060
3 131 4 649853 411693 649853
4 107
4 46
3 132 1 16854 659689 0
2 133 3 83255 360503 0
5 1 268200
2 134 5 357697 306561 96763
2 135 5 43937 151311 43937
3 136 2 934172 883447 934172
2 137 3 391231 43436 391231
2 138 5 915609 997123 0
4 32
2 139 5 357007 179798 357007
3 140 2 862656 694972 862656
2 141 5 260523 327699 260523
3 142 1 722211 329154 0
4 18
3 143 5 281046 978302 281046
4 143
2 144 3 590154 724492 316823
3 145 3 59295 809494 59295
3 146 1 668334 696854 668334
3 147 3 608437 193326 0
3 148 3 939123 245284 281667
4 128
3 149 4 600713 370226 600713
2 150 5 976239 729933 976239
4 20
4 24
5 2 698894
4 45
2 151 2 745365 234820 745365
3 152 4 794043 642870 794043
2 153 2 688493 405442 688493
3 154 4 237137 324978 237137
2 155 1 299727 396660 299727
4 58
4 82
5 5 821147
3 156 4 20977 920502 20977
3 157 2 184760 37698 0
4 64
3 158 3 568021 547301 568021
3 159 1 680301 359608 0
4 121
3 160 4 908567 876238 908567
2 161 2 296950 397801 296950
5 5 821147
2 162 5 136673 831750 136673
3 163 3 36263 601206 36263
3 164 1 8619 297928 0
2 165 2 313469 612927 313469
4 154
2 166 3 75987 273637 0
3 167 4 296005 657408 296005
4 66
5 3 867907
2 168 1 34028 983172 0
2 169 1 477382 895804 0
2 170 1 95406 170719 95406
4 29
5 5 821147
3 171 3 540029 251689 540029
2 172 1 910959 379467 910959
3 173 3 944855 285507 944855
3 174 3 165941 220547 165941
3 175 4 606219 978979 606219
4 66
5 3 867907
5 4 322602
2 176 4 408244 195470 408244
3 177 5 868116 848044 868116
4 111
2 178 1 83318 317401 83318
3 179 4 588642 138770 180398
5 3 867907
2 180 2 510104 145866 510104
2 181 2 26591 700401 0
2 182 1 801027 9028 801027
3 183 1 472502 788427 472502
3 184 3 94255 700594 94255
3 185 1 267561 484999 97544
2 186 1 270179 322495 270179
5 3 867907
5 3 867907
3 187 1 487459 639130 487459
3 188 3 621818 62232 61313
2 189 3 265203 955247 0
2 190 4 719457 340295 539059
3 191 3 975387 616171 975387
3 192 3 301433 883339 301433
3 193 1 48413 533116 48413
2 194 5 34407 274483 34407
3 195 3 375039 777805 375039
3 196 4 373583 858122 373583
3 197 5 540679 689677 0
2 198 2 346135 625566 346135
3 199 1 292984 921385 292984
2 200 5 953188 31292 953188
276
1
3 1 3 259737 193420 259737
2 2 4 961727 69594 961727
4 1
2 3 2 362783 37321 362783
2 4 3 447356 787872 447356
3 5 1 558872 137106 558872
2 6 1 508808 575467 0
3 7 2 5481 772633 5481
2 8 5 651288 31665 651288
4 8
4 3
5 1 0
2 9 4 133123 266601 133123
4 8
2 10 2 358242 270209 358242
2 11 3 957441 514761 957441
3 12 3 953784 646280 506428
5 1 0
5 3 0
5 1 0
4 5
5 1 0
2 13 5 269155 877307 269155
3 14 2 570511 203475 212269
2 15 5 199867 569112 199867
5 2 0
5 3 0
2 16 4 698945 802929 698945
3 17 5 984085 588904 714930
3 18 3 62268 57644 0
3 19 2 343126 44714 343126
2 20 4 123242 455958 123242
4 5
2 21 3 453663 456137 453663
2 22 2 705703 87315 362577
3 23 3 290382 639701 290382
4 23
3 24 1 151791 663756 151791
5 3 0
4 9
2 25 1 811063 887727 659272
3 26 5 747133 584946 747133
3 27 5 192285 236875 0
3 28 5 532552 429223 524970
3 29 2 542032 541110 542032
3 30 4 507950 102253 0
2 31 3 488956 583748 488956
3 32 4 592955 31224 0
4 9
4 31
3 33 3 117364 17374 0
3 34 3 173762 744117 173762
3 35 2 998746 980373 998746
3 36 1 303189 286673 0
2 37 2 869870 720258 115569
4 3
4 9
2 38 4 422204 799749 422204
4 21
3 39 5 87368 546640 87368
2 40 2 162477 874601 156996
3 41 5 726782 926969 726782
3 42 2 695839 281977 423274
2 43 1 304309 406467 304309
2 44 1 356652 806488 356652
3 45 3 660785 532764 660785
2 46 1 816760 33045 816760
2 47 1 413943 101232 413943
3 48 2 234409 657083 234409
3 49 4 155981 524204 0
3 50 3 369316 75416 0
4 31
3 51 1 845709 624377 132974
4 51
3 52 4 224617 845273 224617
2 53 1 476916 640832 476916
3 54 3 656050 746525 656050
4 3
2 55 4 302274 4233 302274
3 56 1 792492 85033 0
3 57 2 790199 468706 790199
3 58 1 199659 487719 199659
2 59 3 621295 763182 0
2 60 3 661074 855153 0
2 61 4 602501 198384 602501
3 62 1 774367 839853 774367
4 46
2 63 1 685962 105091 685962
3 64 1 471457 708445 471457
3 65 3 624420 685989 624420
2 66 1 182331 730952 0
3 67 5 31507 172377 31507
2 68 1 261979 416269 261979
2 69 1 451466 373182 451466
3 70 3 41815 215785 0
5 5 0
2 71 3 176220 970537 0
3 72 1 601215 284886 0
4 11
3 73 4 892212 820695 892212
2 74 2 551030 806317 0
3 75 1 499839 613668 499839
5 1 750621
4 34
2 76 3 968826 906811 0
2 77 3 429858 269500 429858
2 78 4 192250 50842 192250
2 79 4 256103 483809 256103
4 28
5 1 750621
2 80 5 685480 250370 653973
2 81 2 675994 804451 0
3 82 1 213339 258170 101109
2 83 5 900452 499974 900452
5 5 0
3 84 1 248096 22057 0
3 85 4 251071 198144 0
2 86 2 120437 751943 0
3 87 2 70460 743309 70460
3 88 3 489938 265926 60080
3 89 3 232762 256393 232762
3 90 4 866170 421137 594915
3 91 3 692063 489088 692063
3 92 3 602740 422359 602740
3 93 5 832847 47104 0
2 94 4 422597 158533 422597
2 95 1 929712 952086 0
2 96 3 881584 182726 881584
2 97 2 418343 72526 418343
2 98 2 381307 561097 381307
5 1 750621
4 26
2 99 1 82298 20453 82298
2 100 4 68123 824990 0
2 101 1 684358 479252 684358
4 3
3 102 3 922331 303662 922331
2 103 1 2576 429495 2576
4 21
2 104 1 397516 638585 397516
3 105 1 1733 770065 1733
3 106 3 843277 270419 843277
3 107 5 299450 706764 299450
2 108 3 527719 454443 0
3 109 1 663539 569476 266023
4 83
3 110 5 42856 860215 42856
3 111 3 628938 852069 628938
4 78
2 112 2 89537 272284 89537
2 113 2 699068 34152 699068
2 114 1 652193 39511 652193
3 115 4 686378 97401 0
4 34
2 116 4 177721 338603 177721
2 117 2 144206 938858 0
3 118 2 449737 14050 0
3 119 1 365610 363359 0
2 120 1 298904 464756 298904
5 4 730155
2 121 1 609125 361070 609125
4 101
4 105
2 122 2 808787 709547 808787
2 123 5 117759 607460 0
4 5
2 124 3 942415 572139 0
4 1
3 125 4 814916 3960 0
2 126 1 952383 418520 952383
2 127 3 1000 552121 0
2 128 2 379521 515890 379521
3 129 4 171792 517311 171792
4 54
2 130 3 77607 283393 77607
5 1 750621
3 131 2 124366 762668 124366
2 132 1 892303 463466 892303
5 3 231764
3 133 4 168366 77971 168366
2 134 5 659587 564843 659587
4 110
5 3 231764
3 135 2 796039 567992 0
5 1 750621
2 136 5 471891 265812 471891
2 137 2 517075 859741 366034
2 138 3 313386 897441 0
3 139 4 869928 400236 869928
3 140 2 189569 272848 0
3 141 3 496268 907040 496268
5 4 730155
2 142 2 789452 68681 789452
2 143 2 970212 677421 970212
3 144 1 748028 207166 0
2 145 5 421726 173713 421726
4 2
5 3 231764
4 111
3 146 5 42046 580596 42046
2 147 3 155153 983519 0
5 5 416527
3 148 2 648462 610323 0
2 149 4 450517 312730 282151
3 150 2 534457 689223 534457
3 151 2 838017 317354 0
3 152 1 28347 284019 0
3 153 1 78520 844087 78520
3 154 3 325963 277810 248356
4 35
3 155 3 534554 79945 0
3 156 2 333922 661729 333922
3 157 1 614048 682956 614048
4 47
4 2
2 158 5 989854 299180 989854
3 159 1 758808 925797 758808
2 160 3 348091 830968 0
2 161 4 338989 515519 0
2 162 5 417690 73018 417690
3 163 5 813103 502606 153516
2 164 5 437920 303170 437920
4 51
4 90
4 28
3 165 3 173445 913401 173445
3 166 1 306452 486382 306452
3 167 4 693573 856253 693573
2 168 1 907640 564931 601188
3 169 1 920048 906079 920048
2 170 2 600661 125174 600661
4 101
2 171 2 853114 317384 853114
2 172 1 564566 93216 564566
2 173 5 766783 394322 766783
3 174 3 988850 306760 988850
2 175 2 169810 45617 169810
2 176 2 724834 30592 724834
3 177 3 540366 607467 540366
3 178 1 873187 403564 0
3 179 4 531026 427267 531026
2 180 2 989873 871090 121494
5 2 829887
4 172
3 181 2 230089 263415 0
3 182 2 492450 100582 0
4 91
4 99
2 183 4 437152 43345 437152
4 158
4 153
4 141
3 184 2 888516 560448 888516
2 185 1 314072 415904 314072
2 186 3 172306 364284 0
3 187 5 996216 172425 0
4 41
2 188 2 801693 821242 0
4 185
3 189 4 283487 934357 283487
5 3 231764
3 190 1 227081 400744 0
3 191 4 493480 100795 211329
3 192 3 602496 697656 602496
3 193 3 504121 411972 504121
2 194 3 619358 532937 0
4 78
5 2 829887
5 1 750621
2 195 3 947634 792358 0
3 196 5 289097 625847 289097
2 197 5 335839 679072 0
2 198 4 507860 332177 296531
2 199 2 33903 182650 33903
2 200 5 823321 894036 0