900
[1, 900, 901, 902, 903, 904, 905, 906, 907, 908, 909, 910, 911, 912, 913, 914, 915, 916, 917, 918, 919]
[1, 900, 901, 902, 903, 904, 905, 906, 907, 908, 909, 910, 911, 912, 913, 914, 915, 916, 917, 918, 919]
[1, 900, 901, 902, 903, 904, 905, 906, 907, 908, 909, 910, 911, 912, 913, 914, 915, 916, 917, 918, 919]
[1, 900, 901, 902, 903, 904, 905, 906, 907, 908, 909, 910, 911, 912, 913, 914, 915, 916, 917, 918, 919]
[1, 900, 901, 902, 903, 904, 905, 906, 907, 908, 909, 910, 911, 912, 913, 914, 915, 916, 917, 918, 919]
[1, 900, 901, 902, 903, 904, 905, 906, 907, 908, 909, 910, 911, 912, 913, 914, 915, 916, 917, 918, 919]
[1, 900, 901, 902, 903, 904, 905, 906, 907, 908, 909, 910, 911, 912, 913, 914, 915, 916, 917, 918, 919]
[1, 900, 901, 902, 903, 904, 905, 906, 907, 908, 909, 910, 911, 912, 913, 914, 915, 916, 917, 918, 919]
[1, 900, 901, 902, 903, 904, 905, 906, 907, 908, 909, 910, 911, 912, 913, 914, 915, 916, 917, 918, 919]
[1, 900, 901, 902, 903, 904, 905, 906, 907, 908, 909, 910, 911, 912, 913, 914, 915, 916, 917, 918, 919]
[1, 900, 901, 902, 903, 904, 905, 906, 907, 908, 909, 910, 911, 912, 913, 914, 915, 916, 917, 918, 919]
[1, 900, 901, 902, 903, 904, 905, 906, 907, 908, 909, 910, 911, 912, 913, 914, 915, 916, 917, 918, 919]
[1, 900, 901, 902, 903, 904, 905, 906, 907, 908, 909, 910, 911, 912, 913, 914, 915, 916, 917, 918, 919]
[1, 900, 901, 902, 903, 904, 905, 906, 907, 908, 909, 910, 911, 912, 913, 914, 915, 916, 917, 918, 919]
[1, 900, 901, 902, 903, 904, 905, 906, 907, 908, 909, 910, 911, 912, 913, 914, 915, 916, 917, 918, 919]
[1, 900, 901, 902, 903, 904, 905, 906, 907, 908, 909, 910, 911, 912, 913, 914, 915, 916, 917, 918, 919]
[1, 900, 901, 902, 903, 904, 905, 906, 907, 908, 909, 910, 911, 912, 913, 914, 915, 916, 917, 918, 919]
[1, 900, 901, 902, 903, 904, 905, 906, 907, 908, 909, 910, 911, 912, 913, 914, 915, 916, 917, 918, 919]
[1, 900, 901, 902, 903, 904, 905, 906, 907, 908, 909, 910, 911, 912, 913, 914, 915, 916, 917, 918, 919]
901
[1, 900, 901, 902, 903, 904, 905, 906, 907, 908, 909, 910, 911, 912, 913, 914, 915, 916, 917, 918, 919]
[1, 900, 901, 902, 903, 904, 905, 906, 907, 908, 909, 910, 911, 912, 913, 914, 915, 916, 917, 918, 919]
[1, 900, 901, 902, 903, 904, 905, 906, 907, 908, 909, 910, 911, 912, 913, 914, 915, 916, 917, 918, 919]
[1, 900, 901, 902, 903, 904, 905, 906, 907, 908, 909, 910, 911, 912, 913, 914, 915, 916, 917, 918, 919]
[1, 900, 901, 902, 903, 904, 905, 906, 907, 908, 909, 910, 911, 912, 913, 914, 915, 916, 917, 918, 919]
[1, 900, 901, 902, 903, 904, 905, 906, 907, 908, 909, 910, 911, 912, 913, 914, 915, 916, 917, 918, 919]
[1, 900, 901, 902, 903, 904, 905, 906, 907, 908, 909, 910, 911, 912, 913, 914, 915, 916, 917, 918, 919]
[1, 900, 901, 902, 903, 904, 905, 906, 907, 908, 909, 910, 911, 912, 913, 914, 915, 916, 917, 918, 919]
[1, 900, 901, 902, 903, 904, 905, 906, 907, 908, 909, 910, 911, 912, 913, 914, 915, 916, 917, 918, 919]
[1, 900, 901, 902, 903, 904, 905, 906, 907, 908, 909, 910, 911, 912, 913, 914, 915, 916, 917, 918, 919]
[1, 900, 901, 902, 903, 904, 905, 906, 907, 908, 909, 910, 911, 912, 913, 914, 915, 916, 917, 918, 919]
[1, 900, 901, 902, 903, 904, 905, 906, 907, 908, 909, 910, 911, 912, 913, 914, 915, 916, 917, 918, 919]
[1, 900, 901, 902, 903, 904, 905, 906, 907, 908, 909, 910, 911, 912, 913, 914, 915, 916, 917, 918, 919]
[1, 900, 901, 902, 903, 904, 905, 906, 907, 908, 909, 910, 911, 912, 913, 914, 915, 916, 917, 918, 919]
[1, 900, 901, 902, 903, 904, 905, 906, 907, 908, 909, 910, 911, 912, 913, 914, 915, 916, 917, 918, 919]
[1, 900, 901, 902, 903, 904, 905, 906, 907, 908, 909, 910, 911, 912, 913, 914, 915, 916, 917, 918, 919]
[1, 900, 901, 902, 903, 904, 905, 906, 907, 908, 909, 910, 911, 912, 913, 914, 915, 916, 917, 918, 919]
[1, 900, 901, 902, 903, 904, 905, 906, 907, 908, 909, 910, 911, 912, 913, 914, 915, 916, 917, 918, 919]
902
[1, 900, 901, 902, 903, 904, 905, 906, 907, 908, 909, 910, 911, 912, 913, 914, 915, 916, 917, 918, 919]
[1, 900, 901, 902, 903, 904, 905, 906, 907, 908, 909, 910, 911, 912, 913, 914, 915, 916, 917, 918, 919]
[1, 900, 901, 902, 903, 904, 905, 906, 907, 908, 909, 910, 911, 912, 913, 914, 915, 916, 917, 918, 919]
[1, 900, 901, 902, 903, 904, 905, 906, 907, 908, 909, 910, 911, 912, 913, 914, 915, 916, 917, 918, 919]
[1, 900, 901, 902, 903, 904, 905, 906, 907, 908, 909, 910, 911, 912, 913, 914, 915, 916, 917, 918, 919]
[1, 900, 901, 902, 903, 904, 905, 906, 907, 908, 909, 910, 911, 912, 913, 914, 915, 916, 917, 918, 919]
[1, 900, 901, 902, 903, 904, 905, 906, 907, 908, 909, 910, 911, 912, 913, 914, 915, 916, 917, 918, 919]
[1, 900, 901, 902, 903, 904, 905, 906, 907, 908, 909, 910, 911, 912, 913, 914, 915, 916, 917, 918, 919]
[1, 900, 901, 902, 903, 904, 905, 906, 907, 908, 909, 910, 911, 912, 913, 914, 915, 916, 917, 918, 919]
[1, 900, 901, 902, 903, 904, 905, 906, 907, 908, 909, 910, 911, 912, 913, 914, 915, 916, 917, 918, 919]
[1, 900, 901, 902, 903, 904, 905, 906, 907, 908, 909, 910, 911, 912, 913, 914, 915, 916, 917, 918, 919]
[1, 900, 901, 902, 903, 904, 905, 906, 907, 908, 909, 910, 911, 912, 913, 914, 915, 916, 917, 918, 919]
[1, 900, 901, 902, 903, 904, 905, 906, 907, 908, 909, 910, 911, 912, 913, 914, 915, 916, 917, 918, 919]
[1, 900, 901, 902, 903, 904, 905, 906, 907, 908, 909, 910, 911, 912, 913, 914, 915, 916, 917, 918, 919]
[1, 900, 901, 902, 903, 904, 905, 906, 907, 908, 909, 910, 911, 912, 913, 914, 915, 916, 917, 918, 919]
[1, 900, 901, 902, 903, 904, 905, 906, 907, 908, 909, 910, 911, 912, 913, 914, 915, 916, 917, 918, 919]
[1, 900, 901, 902, 903, 904, 905, 906, 907, 908, 909, 910, 911, 912, 913, 914, 915, 916, 917, 918, 919]
903
[1, 900, 901, 902, 903, 904, 905, 906, 907, 908, 909, 910, 911, 912, 913, 914, 915, 916, 917, 918, 919]
[1, 900, 901, 902, 903, 904, 905, 906, 907, 908, 909, 910, 911, 912, 913, 914, 915, 916, 917, 918, 919]
[1, 900, 901, 902, 903, 904, 905, 906, 907, 908, 909, 910, 911, 912, 913, 914, 915, 916, 917, 918, 919]
[1, 900, 901, 902, 903, 904, 905, 906, 907, 908, 909, 910, 911, 912, 913, 914, 915, 916, 917, 918, 919]
[1, 900, 901, 902, 903, 904, 905, 906, 907, 908, 909, 910, 911, 912, 913, 914, 915, 916, 917, 918, 919]
[1, 900, 901, 902, 903, 904, 905, 906, 907, 908, 909, 910, 911, 912, 913, 914, 915, 916, 917, 918, 919]
[1, 900, 901, 902, 903, 904, 905, 906, 907, 908, 909, 910, 911, 912, 913, 914, 915, 916, 917, 918, 919]
[1, 900, 901, 902, 903, 904, 905, 906, 907, 908, 909, 910, 911, 912, 913, 914, 915, 916, 917, 918, 919]
[1, 900, 901, 902, 903, 904, 905, 906, 907, 908, 909, 910, 911, 912, 913, 914, 915, 916, 917, 918, 919]
[1, 900, 901, 902, 903, 904, 905, 906, 907, 908, 909, 910, 911, 912, 913, 914, 915, 916, 917, 918, 919]
[1, 900, 901, 902, 903, 904, 905, 906, 907, 908, 909, 910, 911, 912, 913, 914, 915, 916, 917, 918, 919]
[1, 900, 901, 902, 903, 904, 905, 906, 907, 908, 909, 910, 911, 912, 913, 914, 915, 916, 917, 918, 919]
[1, 900, 901, 902, 903, 904, 905, 906, 907, 908, 909, 910, 911, 912, 913, 914, 915, 916, 917, 918, 919]
[1, 900, 901, 902, 903, 904, 905, 906, 907, 908, 909, 910, 911, 912, 913, 914, 915, 916, 917, 918, 919]
[1, 900, 901, 902, 903, 904, 905, 906, 907, 908, 909, 910, 911, 912, 913, 914, 915, 916, 917, 918, 919]
[1, 900, 901, 902, 903, 904, 905, 906, 907, 908, 909, 910, 911, 912, 913, 914, 915, 916, 917, 918, 919]
904
[1, 900, 901, 902, 903, 904, 905, 906, 907, 908, 909, 910, 911, 912, 913, 914, 915, 916, 917, 918, 919]
[1, 900, 901, 902, 903, 904, 905, 906, 907, 908, 909, 910, 911, 912, 913, 914, 915, 916, 917, 918, 919]
[1, 900, 901, 902, 903, 904, 905, 906, 907, 908, 909, 910, 911, 912, 913, 914, 915, 916, 917, 918, 919]
[1, 900, 901, 902, 903, 904, 905, 906, 907, 908, 909, 910, 911, 912, 913, 914, 915, 916, 917, 918, 919]
[1, 900, 901, 902, 903, 904, 905, 906, 907, 908, 909, 910, 911, 912, 913, 914, 915, 916, 917, 918, 919]
[1, 900, 901, 902, 903, 904, 905, 906, 907, 908, 909, 910, 911, 912, 913, 914, 915, 916, 917, 918, 919]
[1, 900, 901, 902, 903, 904, 905, 906, 907, 908, 909, 910, 911, 912, 913, 914, 915, 916, 917, 918, 919]
[1, 900, 901, 902, 903, 904, 905, 906, 907, 908, 909, 910, 911, 912, 913, 914, 915, 916, 917, 918, 919]
[1, 900, 901, 902, 903, 904, 905, 906, 907, 908, 909, 910, 911, 912, 913, 914, 915, 916, 917, 918, 919]
[1, 900, 901, 902, 903, 904, 905, 906, 907, 908, 909, 910, 911, 912, 913, 914, 915, 916, 917, 918, 919]
[1, 900, 901, 902, 903, 904, 905, 906, 907, 908, 909, 910, 911, 912, 913, 914, 915, 916, 917, 918, 919]
[1, 900, 901, 902, 903, 904, 905, 906, 907, 908, 909, 910, 911, 912, 913, 914, 915, 916, 917, 918, 919]
[1, 900, 901, 902, 903, 904, 905, 906, 907, 908, 909, 910, 911, 912, 913, 914, 915, 916, 917, 918, 919]
[1, 900, 901, 902, 903, 904, 905, 906, 907, 908, 909, 910, 911, 912, 913, 914, 915, 916, 917, 918, 919]
[1, 900, 901, 902, 903, 904, 905, 906, 907, 908, 909, 910, 911, 912, 913, 914, 915, 916, 917, 918, 919]
905
[1, 900, 901, 902, 903, 904, 905, 906, 907, 908, 909, 910, 911, 912, 913, 914, 915, 916, 917, 918, 919]
[1, 900, 901, 902, 903, 904, 905, 906, 907, 908, 909, 910, 911, 912, 913, 914, 915, 916, 917, 918, 919]
[1, 900, 901, 902, 903, 904, 905, 906, 907, 908, 909, 910, 911, 912, 913, 914, 915, 916, 917, 918, 919]
[1, 900, 901, 902, 903, 904, 905, 906, 907, 908, 909, 910, 911, 912, 913, 914, 915, 916, 917, 918, 919]
[1, 900, 901, 902, 903, 904, 905, 906, 907, 908, 909, 910, 911, 912, 913, 914, 915, 916, 917, 918, 919]
[1, 900, 901, 902, 903, 904, 905, 906, 907, 908, 909, 910, 911, 912, 913, 914, 915, 916, 917, 918, 919]
[1, 900, 901, 902, 903, 904, 905, 906, 907, 908, 909, 910, 911, 912, 913, 914, 915, 916, 917, 918, 919]
[1, 900, 901, 902, 903, 904, 905, 906, 907, 908, 909, 910, 911, 912, 913, 914, 915, 916, 917, 918, 919]
[1, 900, 901, 902, 903, 904, 905, 906, 907, 908, 909, 910, 911, 912, 913, 914, 915, 916, 917, 918, 919]
[1, 900, 901, 902, 903, 904, 905, 906, 907, 908, 909, 910, 911, 912, 913, 914, 915, 916, 917, 918, 919]
[1, 900, 901, 902, 903, 904, 905, 906, 907, 908, 909, 910, 911, 912, 913, 914, 915, 916, 917, 918, 919]
[1, 900, 901, 902, 903, 904, 905, 906, 907, 908, 909, 910, 911, 912, 913, 914, 915, 916, 917, 918, 919]
[1, 900, 901, 902, 903, 904, 905, 906, 907, 908, 909, 910, 911, 912, 913, 914, 915, 916, 917, 918, 919]
[1, 900, 901, 902, 903, 904, 905, 906, 907, 908, 909, 910, 911, 912, 913, 914, 915, 916, 917, 918, 919]
906
[1, 900, 901, 902, 903, 904, 905, 906, 907, 908, 909, 910, 911, 912, 913, 914, 915, 916, 917, 918, 919]
[1, 900, 901, 902, 903, 904, 905, 906, 907, 908, 909, 910, 911, 912, 913, 914, 915, 916, 917, 918, 919]
[1, 900, 901, 902, 903, 904, 905, 906, 907, 908, 909, 910, 911, 912, 913, 914, 915, 916, 917, 918, 919]
[1, 900, 901, 902, 903, 904, 905, 906, 907, 908, 909, 910, 911, 912, 913, 914, 915, 916, 917, 918, 919]
[1, 900, 901, 902, 903, 904, 905, 906, 907, 908, 909, 910, 911, 912, 913, 914, 915, 916, 917, 918, 919]
[1, 900, 901, 902, 903, 904, 905, 906, 907, 908, 909, 910, 911, 912, 913, 914, 915, 916, 917, 918, 919]
[1, 900, 901, 902, 903, 904, 905, 906, 907, 908, 909, 910, 911, 912, 913, 914, 915, 916, 917, 918, 919]
[1, 900, 901, 902, 903, 904, 905, 906, 907, 908, 909, 910, 911, 912, 913, 914, 915, 916, 917, 918, 919]
[1, 900, 901, 902, 903, 904, 905, 906, 907, 908, 909, 910, 911, 912, 913, 914, 915, 916, 917, 918, 919]
[1, 900, 901, 902, 903, 904, 905, 906, 907, 908, 909, 910, 911, 912, 913, 914, 915, 916, 917, 918, 919]
[1, 900, 901, 902, 903, 904, 905, 906, 907, 908, 909, 910, 911, 912, 913, 914, 915, 916, 917, 918, 919]
[1, 900, 901, 902, 903, 904, 905, 906, 907, 908, 909, 910, 911, 912, 913, 914, 915, 916, 917, 918, 919]
[1, 900, 901, 902, 903, 904, 905, 906, 907, 908, 909, 910, 911, 912, 913, 914, 915, 916, 917, 918, 919]
907
[1, 900, 901, 902, 903, 904, 905, 906, 907, 908, 909, 910, 911, 912, 913, 914, 915, 916, 917, 918, 919]
[1, 900, 901, 902, 903, 904, 905, 906, 907, 908, 909, 910, 911, 912, 913, 914, 915, 916, 917, 918, 919]
[1, 900, 901, 902, 903, 904, 905, 906, 907, 908, 909, 910, 911, 912, 913, 914, 915, 916, 917, 918, 919]
[1, 900, 901, 902, 903, 904, 905, 906, 907, 908, 909, 910, 911, 912, 913, 914, 915, 916, 917, 918, 919]
[1, 900, 901, 902, 903, 904, 905, 906, 907, 908, 909, 910, 911, 912, 913, 914, 915, 916, 917, 918, 919]
[1, 900, 901, 902, 903, 904, 905, 906, 907, 908, 909, 910, 911, 912, 913, 914, 915, 916, 917, 918, 919]
[1, 900, 901, 902, 903, 904, 905, 906, 907, 908, 909, 910, 911, 912, 913, 914, 915, 916, 917, 918, 919]
[1, 900, 901, 902, 903, 904, 905, 906, 907, 908, 909, 910, 911, 912, 913, 914, 915, 916, 917, 918, 919]
[1, 900, 901, 902, 903, 904, 905, 906, 907, 908, 909, 910, 911, 912, 913, 914, 915, 916, 917, 918, 919]
[1, 900, 901, 902, 903, 904, 905, 906, 907, 908, 909, 910, 911, 912, 913, 914, 915, 916, 917, 918, 919]
[1, 900, 901, 902, 903, 904, 905, 906, 907, 908, 909, 910, 911, 912, 913, 914, 915, 916, 917, 918, 919]
[1, 900, 901, 902, 903, 904, 905, 906, 907, 908, 909, 910, 911, 912, 913, 914, 915, 916, 917, 918, 919]
908
[1, 900, 901, 902, 903, 904, 905, 906, 907, 908, 909, 910, 911, 912, 913, 914, 915, 916, 917, 918, 919]
[1, 900, 901, 902, 903, 904, 905, 906, 907, 908, 909, 910, 911, 912, 913, 914, 915, 916, 917, 918, 919]
[1, 900, 901, 902, 903, 904, 905, 906, 907, 908, 909, 910, 911, 912, 913, 914, 915, 916, 917, 918, 919]
[1, 900, 901, 902, 903, 904, 905, 906, 907, 908, 909, 910, 911, 912, 913, 914, 915, 916, 917, 918, 919]
[1, 900, 901, 902, 903, 904, 905, 906, 907, 908, 909, 910, 911, 912, 913, 914, 915, 916, 917, 918, 919]
[1, 900, 901, 902, 903, 904, 905, 906, 907, 908, 909, 910, 911, 912, 913, 914, 915, 916, 917, 918, 919]
[1, 900, 901, 902, 903, 904, 905, 906, 907, 908, 909, 910, 911, 912, 913, 914, 915, 916, 917, 918, 919]
[1, 900, 901, 902, 903, 904, 905, 906, 907, 908, 909, 910, 911, 912, 913, 914, 915, 916, 917, 918, 919]
[1, 900, 901, 902, 903, 904, 905, 906, 907, 908, 909, 910, 911, 912, 913, 914, 915, 916, 917, 918, 919]
[1, 900, 901, 902, 903, 904, 905, 906, 907, 908, 909, 910, 911, 912, 913, 914, 915, 916, 917, 918, 919]
[1, 900, 901, 902, 903, 904, 905, 906, 907, 908, 909, 910, 911, 912, 913, 914, 915, 916, 917, 918, 919]
909
[1, 900, 901, 902, 903, 904, 905, 906, 907, 908, 909, 910, 911, 912, 913, 914, 915, 916, 917, 918, 919]
[1, 900, 901, 902, 903, 904, 905, 906, 907, 908, 909, 910, 911, 912, 913, 914, 915, 916, 917, 918, 919]
[1, 900, 901, 902, 903, 904, 905, 906, 907, 908, 909, 910, 911, 912, 913, 914, 915, 916, 917, 918, 919]
[1, 900, 901, 902, 903, 904, 905, 906, 907, 908, 909, 910, 911, 912, 913, 914, 915, 916, 917, 918, 919]
[1, 900, 901, 902, 903, 904, 905, 906, 907, 908, 909, 910, 911, 912, 913, 914, 915, 916, 917, 918, 919]
[1, 900, 901, 902, 903, 904, 905, 906, 907, 908, 909, 910, 911, 912, 913, 914, 915, 916, 917, 918, 919]
[1, 900, 901, 902, 903, 904, 905, 906, 907, 908, 909, 910, 911, 912, 913, 914, 915, 916, 917, 918, 919]
[1, 900, 901, 902, 903, 904, 905, 906, 907, 908, 909, 910, 911, 912, 913, 914, 915, 916, 917, 918, 919]
[1, 900, 901, 902, 903, 904, 905, 906, 907, 908, 909, 910, 911, 912, 913, 914, 915, 916, 917, 918, 919]
[1, 900, 901, 902, 903, 904, 905, 906, 907, 908, 909, 910, 911, 912, 913, 914, 915, 916, 917, 918, 919]
910
[1, 900, 901, 902, 903, 904, 905, 906, 907, 908, 909, 910, 911, 912, 913, 914, 915, 916, 917, 918, 919]
[1, 900, 901, 902, 903, 904, 905, 906, 907, 908, 909, 910, 911, 912, 913, 914, 915, 916, 917, 918, 919]
[1, 900, 901, 902, 903, 904, 905, 906, 907, 908, 909, 910, 911, 912, 913, 914, 915, 916, 917, 918, 919]
[1, 900, 901, 902, 903, 904, 905, 906, 907, 908, 909, 910, 911, 912, 913, 914, 915, 916, 917, 918, 919]
[1, 900, 901, 902, 903, 904, 905, 906, 907, 908, 909, 910, 911, 912, 913, 914, 915, 916, 917, 918, 919]
[1, 900, 901, 902, 903, 904, 905, 906, 907, 908, 909, 910, 911, 912, 913, 914, 915, 916, 917, 918, 919]
[1, 900, 901, 902, 903, 904, 905, 906, 907, 908, 909, 910, 911, 912, 913, 914, 915, 916, 917, 918, 919]
[1, 900, 901, 902, 903, 904, 905, 906, 907, 908, 909, 910, 911, 912, 913, 914, 915, 916, 917, 918, 919]
[1, 900, 901, 902, 903, 904, 905, 906, 907, 908, 909, 910, 911, 912, 913, 914, 915, 916, 917, 918, 919]
911
[1, 900, 901, 902, 903, 904, 905, 906, 907, 908, 909, 910, 911, 912, 913, 914, 915, 916, 917, 918, 919]
[1, 900, 901, 902, 903, 904, 905, 906, 907, 908, 909, 910, 911, 912, 913, 914, 915, 916, 917, 918, 919]
[1, 900, 901, 902, 903, 904, 905, 906, 907, 908, 909, 910, 911, 912, 913, 914, 915, 916, 917, 918, 919]
[1, 900, 901, 902, 903, 904, 905, 906, 907, 908, 909, 910, 911, 912, 913, 914, 915, 916, 917, 918, 919]
[1, 900, 901, 902, 903, 904, 905, 906, 907, 908, 909, 910, 911, 912, 913, 914, 915, 916, 917, 918, 919]
[1, 900, 901, 902, 903, 904, 905, 906, 907, 908, 909, 910, 911, 912, 913, 914, 915, 916, 917, 918, 919]
[1, 900, 901, 902, 903, 904, 905, 906, 907, 908, 909, 910, 911, 912, 913, 914, 915, 916, 917, 918, 919]
[1, 900, 901, 902, 903, 904, 905, 906, 907, 908, 909, 910, 911, 912, 913, 914, 915, 916, 917, 918, 919]
912
[1, 900, 901, 902, 903, 904, 905, 906, 907, 908, 909, 910, 911, 912, 913, 914, 915, 916, 917, 918, 919]
[1, 900, 901, 902, 903, 904, 905, 906, 907, 908, 909, 910, 911, 912, 913, 914, 915, 916, 917, 918, 919]
[1, 900, 901, 902, 903, 904, 905, 906, 907, 908, 909, 910, 911, 912, 913, 914, 915, 916, 917, 918, 919]
[1, 900, 901, 902, 903, 904, 905, 906, 907, 908, 909, 910, 911, 912, 913, 914, 915, 916, 917, 918, 919]
[1, 900, 901, 902, 903, 904, 905, 906, 907, 908, 909, 910, 911, 912, 913, 914, 915, 916, 917, 918, 919]
[1, 900, 901, 902, 903, 904, 905, 906, 907, 908, 909, 910, 911, 912, 913, 914, 915, 916, 917, 918, 919]
[1, 900, 901, 902, 903, 904, 905, 906, 907, 908, 909, 910, 911, 912, 913, 914, 915, 916, 917, 918, 919]
913
[1, 900, 901, 902, 903, 904, 905, 906, 907, 908, 909, 910, 911, 912, 913, 914, 915, 916, 917, 918, 919]
[1, 900, 901, 902, 903, 904, 905, 906, 907, 908, 909, 910, 911, 912, 913, 914, 915, 916, 917, 918, 919]
[1, 900, 901, 902, 903, 904, 905, 906, 907, 908, 909, 910, 911, 912, 913, 914, 915, 916, 917, 918, 919]
[1, 900, 901, 902, 903, 904, 905, 906, 907, 908, 909, 910, 911, 912, 913, 914, 915, 916, 917, 918, 919]
[1, 900, 901, 902, 903, 904, 905, 906, 907, 908, 909, 910, 911, 912, 913, 914, 915, 916, 917, 918, 919]
[1, 900, 901, 902, 903, 904, 905, 906, 907, 908, 909, 910, 911, 912, 913, 914, 915, 916, 917, 918, 919]
914
[1, 900, 901, 902, 903, 904, 905, 906, 907, 908, 909, 910, 911, 912, 913, 914, 915, 916, 917, 918, 919]
[1, 900, 901, 902, 903, 904, 905, 906, 907, 908, 909, 910, 911, 912, 913, 914, 915, 916, 917, 918, 919]
[1, 900, 901, 902, 903, 904, 905, 906, 907, 908, 909, 910, 911, 912, 913, 914, 915, 916, 917, 918, 919]
[1, 900, 901, 902, 903, 904, 905, 906, 907, 908, 909, 910, 911, 912, 913, 914, 915, 916, 917, 918, 919]
[1, 900, 901, 902, 903, 904, 905, 906, 907, 908, 909, 910, 911, 912, 913, 914, 915, 916, 917, 918, 919]
915
[1, 900, 901, 902, 903, 904, 905, 906, 907, 908, 909, 910, 911, 912, 913, 914, 915, 916, 917, 918, 919]
[1, 900, 901, 902, 903, 904, 905, 906, 907, 908, 909, 910, 911, 912, 913, 914, 915, 916, 917, 918, 919]
[1, 900, 901, 902, 903, 904, 905, 906, 907, 908, 909, 910, 911, 912, 913, 914, 915, 916, 917, 918, 919]
[1, 900, 901, 902, 903, 904, 905, 906, 907, 908, 909, 910, 911, 912, 913, 914, 915, 916, 917, 918, 919]
916
[1, 900, 901, 902, 903, 904, 905, 906, 907, 908, 909, 910, 911, 912, 913, 914, 915, 916, 917, 918, 919]
[1, 900, 901, 902, 903, 904, 905, 906, 907, 908, 909, 910, 911, 912, 913, 914, 915, 916, 917, 918, 919]
[1, 900, 901, 902, 903, 904, 905, 906, 907, 908, 909, 910, 911, 912, 913, 914, 915, 916, 917, 918, 919]
917
[1, 900, 901, 902, 903, 904, 905, 906, 907, 908, 909, 910, 911, 912, 913, 914, 915, 916, 917, 918, 919]
[1, 900, 901, 902, 903, 904, 905, 906, 907, 908, 909, 910, 911, 912, 913, 914, 915, 916, 917, 918, 919]
918
[1, 900, 901, 902, 903, 904, 905, 906, 907, 908, 909, 910, 911, 912, 913, 914, 915, 916, 917, 918, 919]
1 0
919
[2, 918, 919, 917, 916, 915, 914, 913, 912, 911, 910, 909, 908, 907, 906, 905, 904, 903, 902, 901, 900]
[2, 917, 919, 918, 916, 915, 914, 913, 912, 911, 910, 909, 908, 907, 906, 905, 904, 903, 902, 901, 900]
[2, 916, 919, 918, 917, 915, 914, 913, 912, 911, 910, 909, 908, 907, 906, 905, 904, 903, 902, 901, 900]
[2, 915, 919, 918, 917, 916, 914, 913, 912, 911, 910, 909, 908, 907, 906, 905, 904, 903, 902, 901, 900]
[2, 914, 919, 918, 917, 916, 915, 913, 912, 911, 910, 909, 908, 907, 906, 905, 904, 903, 902, 901, 900]
[2, 913, 919, 918, 917, 916, 915, 914, 912, 911, 910, 909, 908, 907, 906, 905, 904, 903, 902, 901, 900]
[2, 912, 919, 918, 917, 916, 915, 914, 913, 911, 910, 909, 908, 907, 906, 905, 904, 903, 902, 901, 900]
[2, 911, 919, 918, 917, 916, 915, 914, 913, 912, 910, 909, 908, 907, 906, 905, 904, 903, 902, 901, 900]
[2, 910, 919, 918, 917, 916, 915, 914, 913, 912, 911, 909, 908, 907, 906, 905, 904, 903, 902, 901, 900]
[2, 909, 919, 918, 917, 916, 915, 914, 913, 912, 911, 910, 908, 907, 906, 905, 904, 903, 902, 901, 900]
[2, 908, 919, 918, 917, 916, 915, 914, 913, 912, 911, 910, 909, 907, 906, 905, 904, 903, 902, 901, 900]
[2, 907, 919, 918, 917, 916, 915, 914, 913, 912, 911, 910, 909, 908, 906, 905, 904, 903, 902, 901, 900]
[2, 906, 919, 918, 917, 916, 915, 914, 913, 912, 911, 910, 909, 908, 907, 905, 904, 903, 902, 901, 900]
[2, 905, 919, 918, 917, 916, 915, 914, 913, 912, 911, 910, 909, 908, 907, 906, 904, 903, 902, 901, 900]
[2, 904, 919, 918, 917, 916, 915, 914, 913, 912, 911, 910, 909, 908, 907, 906, 905, 903, 902, 901, 900]
[2, 903, 919, 918, 917, 916, 915, 914, 913, 912, 911, 910, 909, 908, 907, 906, 905, 904, 902, 901, 900]
[2, 902, 919, 918, 917, 916, 915, 914, 913, 912, 911, 910, 909, 908, 907, 906, 905, 904, 903, 901, 900]
[2, 901, 919, 918, 917, 916, 915, 914, 913, 912, 911, 910, 909, 908, 907, 906, 905, 904, 903, 902, 900]
[2, 900, 919, 918, 917, 916, 915, 914, 913, 912, 911, 910, 909, 908, 907, 906, 905, 904, 903, 902, 901]
919
[2, 900, 918, 919, 917, 916, 915, 914, 913, 912, 911, 910, 909, 908, 907, 906, 905, 904, 903, 902, 901]
[2, 900, 917, 919, 918, 916, 915, 914, 913, 912, 911, 910, 909, 908, 907, 906, 905, 904, 903, 902, 901]
[2, 900, 916, 919, 918, 917, 915, 914, 913, 912, 911, 910, 909, 908, 907, 906, 905, 904, 903, 902, 901]
[2, 900, 915, 919, 918, 917, 916, 914, 913, 912, 911, 910, 909, 908, 907, 906, 905, 904, 903, 902, 901]
[2, 900, 914, 919, 918, 917, 916, 915, 913, 912, 911, 910, 909, 908, 907, 906, 905, 904, 903, 902, 901]
[2, 900, 913, 919, 918, 917, 916, 915, 914, 912, 911, 910, 909, 908, 907, 906, 905, 904, 903, 902, 901]
[2, 900, 912, 919, 918, 917, 916, 915, 914, 913, 911, 910, 909, 908, 907, 906, 905, 904, 903, 902, 901]
[2, 900, 911, 919, 918, 917, 916, 915, 914, 913, 912, 910, 909, 908, 907, 906, 905, 904, 903, 902, 901]
[2, 900, 910, 919, 918, 917, 916, 915, 914, 913, 912, 911, 909, 908, 907, 906, 905, 904, 903, 902, 901]
[2, 900, 909, 919, 918, 917, 916, 915, 914, 913, 912, 911, 910, 908, 907, 906, 905, 904, 903, 902, 901]
[2, 900, 908, 919, 918, 917, 916, 915, 914, 913, 912, 911, 910, 909, 907, 906, 905, 904, 903, 902, 901]
[2, 900, 907, 919, 918, 917, 916, 915, 914, 913, 912, 911, 910, 909, 908, 906, 905, 904, 903, 902, 901]
[2, 900, 906, 919, 918, 917, 916, 915, 914, 913, 912, 911, 910, 909, 908, 907, 905, 904, 903, 902, 901]
[2, 900, 905, 919, 918, 917, 916, 915, 914, 913, 912, 911, 910, 909, 908, 907, 906, 904, 903, 902, 901]
[2, 900, 904, 919, 918, 917, 916, 915, 914, 913, 912, 911, 910, 909, 908, 907, 906, 905, 903, 902, 901]
[2, 900, 903, 919, 918, 917, 916, 915, 914, 913, 912, 911, 910, 909, 908, 907, 906, 905, 904, 902, 901]
[2, 900, 902, 919, 918, 917, 916, 915, 914, 913, 912, 911, 910, 909, 908, 907, 906, 905, 904, 903, 901]
[2, 900, 901, 919, 918, 917, 916, 915, 914, 913, 912, 911, 910, 909, 908, 907, 906, 905, 904, 903, 902]
919
[2, 900, 901, 918, 919, 917, 916, 915, 914, 913, 912, 911, 910, 909, 908, 907, 906, 905, 904, 903, 902]
[2, 900, 901, 917, 919, 918, 916, 915, 914, 913, 912, 911, 910, 909, 908, 907, 906, 905, 904, 903, 902]
[2, 900, 901, 916, 919, 918, 917, 915, 914, 913, 912, 911, 910, 909, 908, 907, 906, 905, 904, 903, 902]
[2, 900, 901, 915, 919, 918, 917, 916, 914, 913, 912, 911, 910, 909, 908, 907, 906, 905, 904, 903, 902]
[2, 900, 901, 914, 919, 918, 917, 916, 915, 913, 912, 911, 910, 909, 908, 907, 906, 905, 904, 903, 902]
[2, 900, 901, 913, 919, 918, 917, 916, 915, 914, 912, 911, 910, 909, 908, 907, 906, 905, 904, 903, 902]
[2, 900, 901, 912, 919, 918, 917, 916, 915, 914, 913, 911, 910, 909, 908, 907, 906, 905, 904, 903, 902]
[2, 900, 901, 911, 919, 918, 917, 916, 915, 914, 913, 912, 910, 909, 908, 907, 906, 905, 904, 903, 902]
[2, 900, 901, 910, 919, 918, 917, 916, 915, 914, 913, 912, 911, 909, 908, 907, 906, 905, 904, 903, 902]
[2, 900, 901, 909, 919, 918, 917, 916, 915, 914, 913, 912, 911, 910, 908, 907, 906, 905, 904, 903, 902]
[2, 900, 901, 908, 919, 918, 917, 916, 915, 914, 913, 912, 911, 910, 909, 907, 906, 905, 904, 903, 902]
[2, 900, 901, 907, 919, 918, 917, 916, 915, 914, 913, 912, 911, 910, 909, 908, 906, 905, 904, 903, 902]
[2, 900, 901, 906, 919, 918, 917, 916, 915, 914, 913, 912, 911, 910, 909, 908, 907, 905, 904, 903, 902]
[2, 900, 901, 905, 919, 918, 917, 916, 915, 914, 913, 912, 911, 910, 909, 908, 907, 906, 904, 903, 902]
[2, 900, 901, 904, 919, 918, 917, 916, 915, 914, 913, 912, 911, 910, 909, 908, 907, 906, 905, 903, 902]
[2, 900, 901, 903, 919, 918, 917, 916, 915, 914, 913, 912, 911, 910, 909, 908, 907, 906, 905, 904, 902]
[2, 900, 901, 902, 919, 918, 917, 916, 915, 914, 913, 912, 911, 910, 909, 908, 907, 906, 905, 904, 903]
919
[2, 900, 901, 902, 918, 919, 917, 916, 915, 914, 913, 912, 911, 910, 909, 908, 907, 906, 905, 904, 903]
[2, 900, 901, 902, 917, 919, 918, 916, 915, 914, 913, 912, 911, 910, 909, 908, 907, 906, 905, 904, 903]
[2, 900, 901, 902, 916, 919, 918, 917, 915, 914, 913, 912, 911, 910, 909, 908, 907, 906, 905, 904, 903]
[2, 900, 901, 902, 915, 919, 918, 917, 916, 914, 913, 912, 911, 910, 909, 908, 907, 906, 905, 904, 903]
[2, 900, 901, 902, 914, 919, 918, 917, 916, 915, 913, 912, 911, 910, 909, 908, 907, 906, 905, 904, 903]
[2, 900, 901, 902, 913, 919, 918, 917, 916, 915, 914, 912, 911, 910, 909, 908, 907, 906, 905, 904, 903]
[2, 900, 901, 902, 912, 919, 918, 917, 916, 915, 914, 913, 911, 910, 909, 908, 907, 906, 905, 904, 903]
[2, 900, 901, 902, 911, 919, 918, 917, 916, 915, 914, 913, 912, 910, 909, 908, 907, 906, 905, 904, 903]
[2, 900, 901, 902, 910, 919, 918, 917, 916, 915, 914, 913, 912, 911, 909, 908, 907, 906, 905, 904, 903]
[2, 900, 901, 902, 909, 919, 918, 917, 916, 915, 914, 913, 912, 911, 910, 908, 907, 906, 905, 904, 903]
[2, 900, 901, 902, 908, 919, 918, 917, 916, 915, 914, 913, 912, 911, 910, 909, 907, 906, 905, 904, 903]
[2, 900, 901, 902, 907, 919, 918, 917, 916, 915, 914, 913, 912, 911, 910, 909, 908, 906, 905, 904, 903]
[2, 900, 901, 902, 906, 919, 918, 917, 916, 915, 914, 913, 912, 911, 910, 909, 908, 907, 905, 904, 903]
[2, 900, 901, 902, 905, 919, 918, 917, 916, 915, 914, 913, 912, 911, 910, 909, 908, 907, 906, 904, 903]
[2, 900, 901, 902, 904, 919, 918, 917, 916, 915, 914, 913, 912, 911, 910, 909, 908, 907, 906, 905, 903]
[2, 900, 901, 902, 903, 919, 918, 917, 916, 915, 914, 913, 912, 911, 910, 909, 908, 907, 906, 905, 904]
919
[2, 900, 901, 902, 903, 918, 919, 917, 916, 915, 914, 913, 912, 911, 910, 909, 908, 907, 906, 905, 904]
[2, 900, 901, 902, 903, 917, 919, 918, 916, 915, 914, 913, 912, 911, 910, 909, 908, 907, 906, 905, 904]
[2, 900, 901, 902, 903, 916, 919, 918, 917, 915, 914, 913, 912, 911, 910, 909, 908, 907, 906, 905, 904]
[2, 900, 901, 902, 903, 915, 919, 918, 917, 916, 914, 913, 912, 911, 910, 909, 908, 907, 906, 905, 904]
[2, 900, 901, 902, 903, 914, 919, 918, 917, 916, 915, 913, 912, 911, 910, 909, 908, 907, 906, 905, 904]
[2, 900, 901, 902, 903, 913, 919, 918, 917, 916, 915, 914, 912, 911, 910, 909, 908, 907, 906, 905, 904]
[2, 900, 901, 902, 903, 912, 919, 918, 917, 916, 915, 914, 913, 911, 910, 909, 908, 907, 906, 905, 904]
[2, 900, 901, 902, 903, 911, 919, 918, 917, 916, 915, 914, 913, 912, 910, 909, 908, 907, 906, 905, 904]
[2, 900, 901, 902, 903, 910, 919, 918, 917, 916, 915, 914, 913, 912, 911, 909, 908, 907, 906, 905, 904]
[2, 900, 901, 902, 903, 909, 919, 918, 917, 916, 915, 914, 913, 912, 911, 910, 908, 907, 906, 905, 904]
[2, 900, 901, 902, 903, 908, 919, 918, 917, 916, 915, 914, 913, 912, 911, 910, 909, 907, 906, 905, 904]
[2, 900, 901, 902, 903, 907, 919, 918, 917, 916, 915, 914, 913, 912, 911, 910, 909, 908, 906, 905, 904]
[2, 900, 901, 902, 903, 906, 919, 918, 917, 916, 915, 914, 913, 912, 911, 910, 909, 908, 907, 905, 904]
[2, 900, 901, 902, 903, 905, 919, 918, 917, 916, 915, 914, 913, 912, 911, 910, 909, 908, 907, 906, 904]
[2, 900, 901, 902, 903, 904, 919, 918, 917, 916, 915, 914, 913, 912, 911, 910, 909, 908, 907, 906, 905]
919
[2, 900, 901, 902, 903, 904, 918, 919, 917, 916, 915, 914, 913, 912, 911, 910, 909, 908, 907, 906, 905]
[2, 900, 901, 902, 903, 904, 917, 919, 918, 916, 915, 914, 913, 912, 911, 910, 909, 908, 907, 906, 905]
[2, 900, 901, 902, 903, 904, 916, 919, 918, 917, 915, 914, 913, 912, 911, 910, 909, 908, 907, 906, 905]
[2, 900, 901, 902, 903, 904, 915, 919, 918, 917, 916, 914, 913, 912, 911, 910, 909, 908, 907, 906, 905]
[2, 900, 901, 902, 903, 904, 914, 919, 918, 917, 916, 915, 913, 912, 911, 910, 909, 908, 907, 906, 905]
[2, 900, 901, 902, 903, 904, 913, 919, 918, 917, 916, 915, 914, 912, 911, 910, 909, 908, 907, 906, 905]
[2, 900, 901, 902, 903, 904, 912, 919, 918, 917, 916, 915, 914, 913, 911, 910, 909, 908, 907, 906, 905]
[2, 900, 901, 902, 903, 904, 911, 919, 918, 917, 916, 915, 914, 913, 912, 910, 909, 908, 907, 906, 905]
[2, 900, 901, 902, 903, 904, 910, 919, 918, 917, 916, 915, 914, 913, 912, 911, 909, 908, 907, 906, 905]
[2, 900, 901, 902, 903, 904, 909, 919, 918, 917, 916, 915, 914, 913, 912, 911, 910, 908, 907, 906, 905]
[2, 900, 901, 902, 903, 904, 908, 919, 918, 917, 916, 915, 914, 913, 912, 911, 910, 909, 907, 906, 905]
[2, 900, 901, 902, 903, 904, 907, 919, 918, 917, 916, 915, 914, 913, 912, 911, 910, 909, 908, 906, 905]
[2, 900, 901, 902, 903, 904, 906, 919, 918, 917, 916, 915, 914, 913, 912, 911, 910, 909, 908, 907, 905]
[2, 900, 901, 902, 903, 904, 905, 919, 918, 917, 916, 915, 914, 913, 912, 911, 910, 909, 908, 907, 906]
919
[2, 900, 901, 902, 903, 904, 905, 918, 919, 917, 916, 915, 914, 913, 912, 911, 910, 909, 908, 907, 906]
[2, 900, 901, 902, 903, 904, 905, 917, 919, 918, 916, 915, 914, 913, 912, 911, 910, 909, 908, 907, 906]
[2, 900, 901, 902, 903, 904, 905, 916, 919, 918, 917, 915, 914, 913, 912, 911, 910, 909, 908, 907, 906]
[2, 900, 901, 902, 903, 904, 905, 915, 919, 918, 917, 916, 914, 913, 912, 911, 910, 909, 908, 907, 906]
[2, 900, 901, 902, 903, 904, 905, 914, 919, 918, 917, 916, 915, 913, 912, 911, 910, 909, 908, 907, 906]
[2, 900, 901, 902, 903, 904, 905, 913, 919, 918, 917, 916, 915, 914, 912, 911, 910, 909, 908, 907, 906]
[2, 900, 901, 902, 903, 904, 905, 912, 919, 918, 917, 916, 915, 914, 913, 911, 910, 909, 908, 907, 906]
[2, 900, 901, 902, 903, 904, 905, 911, 919, 918, 917, 916, 915, 914, 913, 912, 910, 909, 908, 907, 906]
[2, 900, 901, 902, 903, 904, 905, 910, 919, 918, 917, 916, 915, 914, 913, 912, 911, 909, 908, 907, 906]
[2, 900, 901, 902, 903, 904, 905, 909, 919, 918, 917, 916, 915, 914, 913, 912, 911, 910, 908, 907, 906]
[2, 900, 901, 902, 903, 904, 905, 908, 919, 918, 917, 916, 915, 914, 913, 912, 911, 910, 909, 907, 906]
[2, 900, 901, 902, 903, 904, 905, 907, 919, 918, 917, 916, 915, 914, 913, 912, 911, 910, 909, 908, 906]
[2, 900, 901, 902, 903, 904, 905, 906, 919, 918, 917, 916, 915, 914, 913, 912, 911, 910, 909, 908, 907]
919
[2, 900, 901, 902, 903, 904, 905, 906, 918, 919, 917, 916, 915, 914, 913, 912, 911, 910, 909, 908, 907]
[2, 900, 901, 902, 903, 904, 905, 906, 917, 919, 918, 916, 915, 914, 913, 912, 911, 910, 909, 908, 907]
[2, 900, 901, 902, 903, 904, 905, 906, 916, 919, 918, 917, 915, 914, 913, 912, 911, 910, 909, 908, 907]
[2, 900, 901, 902, 903, 904, 905, 906, 915, 919, 918, 917, 916, 914, 913, 912, 911, 910, 909, 908, 907]
[2, 900, 901, 902, 903, 904, 905, 906, 914, 919, 918, 917, 916, 915, 913, 912, 911, 910, 909, 908, 907]
[2, 900, 901, 902, 903, 904, 905, 906, 913, 919, 918, 917, 916, 915, 914, 912, 911, 910, 909, 908, 907]
[2, 900, 901, 902, 903, 904, 905, 906, 912, 919, 918, 917, 916, 915, 914, 913, 911, 910, 909, 908, 907]
[2, 900, 901, 902, 903, 904, 905, 906, 911, 919, 918, 917, 916, 915, 914, 913, 912, 910, 909, 908, 907]
[2, 900, 901, 902, 903, 904, 905, 906, 910, 919, 918, 917, 916, 915, 914, 913, 912, 911, 909, 908, 907]
[2, 900, 901, 902, 903, 904, 905, 906, 909, 919, 918, 917, 916, 915, 914, 913, 912, 911, 910, 908, 907]
[2, 900, 901, 902, 903, 904, 905, 906, 908, 919, 918, 917, 916, 915, 914, 913, 912, 911, 910, 909, 907]
[2, 900, 901, 902, 903, 904, 905, 906, 907, 919, 918, 917, 916, 915, 914, 913, 912, 911, 910, 909, 908]
919
[2, 900, 901, 902, 903, 904, 905, 906, 907, 918, 919, 917, 916, 915, 914, 913, 912, 911, 910, 909, 908]
[2, 900, 901, 902, 903, 904, 905, 906, 907, 917, 919, 918, 916, 915, 914, 913, 912, 911, 910, 909, 908]
[2, 900, 901, 902, 903, 904, 905, 906, 907, 916, 919, 918, 917, 915, 914, 913, 912, 911, 910, 909, 908]
[2, 900, 901, 902, 903, 904, 905, 906, 907, 915, 919, 918, 917, 916, 914, 913, 912, 911, 910, 909, 908]
[2, 900, 901, 902, 903, 904, 905, 906, 907, 914, 919, 918, 917, 916, 915, 913, 912, 911, 910, 909, 908]
[2, 900, 901, 902, 903, 904, 905, 906, 907, 913, 919, 918, 917, 916, 915, 914, 912, 911, 910, 909, 908]
[2, 900, 901, 902, 903, 904, 905, 906, 907, 912, 919, 918, 917, 916, 915, 914, 913, 911, 910, 909, 908]
[2, 900, 901, 902, 903, 904, 905, 906, 907, 911, 919, 918, 917, 916, 915, 914, 913, 912, 910, 909, 908]
[2, 900, 901, 902, 903, 904, 905, 906, 907, 910, 919, 918, 917, 916, 915, 914, 913, 912, 911, 909, 908]
[2, 900, 901, 902, 903, 904, 905, 906, 907, 909, 919, 918, 917, 916, 915, 914, 913, 912, 911, 910, 908]
[2, 900, 901, 902, 903, 904, 905, 906, 907, 908, 919, 918, 917, 916, 915, 914, 913, 912, 911, 910, 909]
919
[2, 900, 901, 902, 903, 904, 905, 906, 907, 908, 918, 919, 917, 916, 915, 914, 913, 912, 911, 910, 909]
[2, 900, 901, 902, 903, 904, 905, 906, 907, 908, 917, 919, 918, 916, 915, 914, 913, 912, 911, 910, 909]
[2, 900, 901, 902, 903, 904, 905, 906, 907, 908, 916, 919, 918, 917, 915, 914, 913, 912, 911, 910, 909]
[2, 900, 901, 902, 903, 904, 905, 906, 907, 908, 915, 919, 918, 917, 916, 914, 913, 912, 911, 910, 909]
[2, 900, 901, 902, 903, 904, 905, 906, 907, 908, 914, 919, 918, 917, 916, 915, 913, 912, 911, 910, 909]
[2, 900, 901, 902, 903, 904, 905, 906, 907, 908, 913, 919, 918, 917, 916, 915, 914, 912, 911, 910, 909]
[2, 900, 901, 902, 903, 904, 905, 906, 907, 908, 912, 919, 918, 917, 916, 915, 914, 913, 911, 910, 909]
[2, 900, 901, 902, 903, 904, 905, 906, 907, 908, 911, 919, 918, 917, 916, 915, 914, 913, 912, 910, 909]
[2, 900, 901, 902, 903, 904, 905, 906, 907, 908, 910, 919, 918, 917, 916, 915, 914, 913, 912, 911, 909]
[2, 900, 901, 902, 903, 904, 905, 906, 907, 908, 909, 919, 918, 917, 916, 915, 914, 913, 912, 911, 910]
919
[2, 900, 901, 902, 903, 904, 905, 906, 907, 908, 909, 918, 919, 917, 916, 915, 914, 913, 912, 911, 910]
[2, 900, 901, 902, 903, 904, 905, 906, 907, 908, 909, 917, 919, 918, 916, 915, 914, 913, 912, 911, 910]
[2, 900, 901, 902, 903, 904, 905, 906, 907, 908, 909, 916, 919, 918, 917, 915, 914, 913, 912, 911, 910]
[2, 900, 901, 902, 903, 904, 905, 906, 907, 908, 909, 915, 919, 918, 917, 916, 914, 913, 912, 911, 910]
[2, 900, 901, 902, 903, 904, 905, 906, 907, 908, 909, 914, 919, 918, 917, 916, 915, 913, 912, 911, 910]
[2, 900, 901, 902, 903, 904, 905, 906, 907, 908, 909, 913, 919, 918, 917, 916, 915, 914, 912, 911, 910]
[2, 900, 901, 902, 903, 904, 905, 906, 907, 908, 909, 912, 919, 918, 917, 916, 915, 914, 913, 911, 910]
[2, 900, 901, 902, 903, 904, 905, 906, 907, 908, 909, 911, 919, 918, 917, 916, 915, 914, 913, 912, 910]
[2, 900, 901, 902, 903, 904, 905, 906, 907, 908, 909, 910, 919, 918, 917, 916, 915, 914, 913, 912, 911]
919
[2, 900, 901, 902, 903, 904, 905, 906, 907, 908, 909, 910, 918, 919, 917, 916, 915, 914, 913, 912, 911]
[2, 900, 901, 902, 903, 904, 905, 906, 907, 908, 909, 910, 917, 919, 918, 916, 915, 914, 913, 912, 911]
[2, 900, 901, 902, 903, 904, 905, 906, 907, 908, 909, 910, 916, 919, 918, 917, 915, 914, 913, 912, 911]
[2, 900, 901, 902, 903, 904, 905, 906, 907, 908, 909, 910, 915, 919, 918, 917, 916, 914, 913, 912, 911]
[2, 900, 901, 902, 903, 904, 905, 906, 907, 908, 909, 910, 914, 919, 918, 917, 916, 915, 913, 912, 911]
[2, 900, 901, 902, 903, 904, 905, 906, 907, 908, 909, 910, 913, 919, 918, 917, 916, 915, 914, 912, 911]
[2, 900, 901, 902, 903, 904, 905, 906, 907, 908, 909, 910, 912, 919, 918, 917, 916, 915, 914, 913, 911]
[2, 900, 901, 902, 903, 904, 905, 906, 907, 908, 909, 910, 911, 919, 918, 917, 916, 915, 914, 913, 912]
919
[2, 900, 901, 902, 903, 904, 905, 906, 907, 908, 909, 910, 911, 918, 919, 917, 916, 915, 914, 913, 912]
[2, 900, 901, 902, 903, 904, 905, 906, 907, 908, 909, 910, 911, 917, 919, 918, 916, 915, 914, 913, 912]
[2, 900, 901, 902, 903, 904, 905, 906, 907, 908, 909, 910, 911, 916, 919, 918, 917, 915, 914, 913, 912]
[2, 900, 901, 902, 903, 904, 905, 906, 907, 908, 909, 910, 911, 915, 919, 918, 917, 916, 914, 913, 912]
[2, 900, 901, 902, 903, 904, 905, 906, 907, 908, 909, 910, 911, 914, 919, 918, 917, 916, 915, 913, 912]
[2, 900, 901, 902, 903, 904, 905, 906, 907, 908, 909, 910, 911, 913, 919, 918, 917, 916, 915, 914, 912]
[2, 900, 901, 902, 903, 904, 905, 906, 907, 908, 909, 910, 911, 912, 919, 918, 917, 916, 915, 914, 913]
919
[2, 900, 901, 902, 903, 904, 905, 906, 907, 908, 909, 910, 911, 912, 918, 919, 917, 916, 915, 914, 913]
[2, 900, 901, 902, 903, 904, 905, 906, 907, 908, 909, 910, 911, 912, 917, 919, 918, 916, 915, 914, 913]
[2, 900, 901, 902, 903, 904, 905, 906, 907, 908, 909, 910, 911, 912, 916, 919, 918, 917, 915, 914, 913]
[2, 900, 901, 902, 903, 904, 905, 906, 907, 908, 909, 910, 911, 912, 915, 919, 918, 917, 916, 914, 913]
[2, 900, 901, 902, 903, 904, 905, 906, 907, 908, 909, 910, 911, 912, 914, 919, 918, 917, 916, 915, 913]
[2, 900, 901, 902, 903, 904, 905, 906, 907, 908, 909, 910, 911, 912, 913, 919, 918, 917, 916, 915, 914]
919
[2, 900, 901, 902, 903, 904, 905, 906, 907, 908, 909, 910, 911, 912, 913, 918, 919, 917, 916, 915, 914]
[2, 900, 901, 902, 903, 904, 905, 906, 907, 908, 909, 910, 911, 912, 913, 917, 919, 918, 916, 915, 914]
[2, 900, 901, 902, 903, 904, 905, 906, 907, 908, 909, 910, 911, 912, 913, 916, 919, 918, 917, 915, 914]
[2, 900, 901, 902, 903, 904, 905, 906, 907, 908, 909, 910, 911, 912, 913, 915, 919, 918, 917, 916, 914]
[2, 900, 901, 902, 903, 904, 905, 906, 907, 908, 909, 910, 911, 912, 913, 914, 919, 918, 917, 916, 915]
919
[2, 900, 901, 902, 903, 904, 905, 906, 907, 908, 909, 910, 911, 912, 913, 914, 918, 919, 917, 916, 915]
[2, 900, 901, 902, 903, 904, 905, 906, 907, 908, 909, 910, 911, 912, 913, 914, 917, 919, 918, 916, 915]
[2, 900, 901, 902, 903, 904, 905, 906, 907, 908, 909, 910, 911, 912, 913, 914, 916, 919, 918, 917, 915]
[2, 900, 901, 902, 903, 904, 905, 906, 907, 908, 909, 910, 911, 912, 913, 914, 915, 919, 918, 917, 916]
919
[2, 900, 901, 902, 903, 904, 905, 906, 907, 908, 909, 910, 911, 912, 913, 914, 915, 918, 919, 917, 916]
[2, 900, 901, 902, 903, 904, 905, 906, 907, 908, 909, 910, 911, 912, 913, 914, 915, 917, 919, 918, 916]
[2, 900, 901, 902, 903, 904, 905, 906, 907, 908, 909, 910, 911, 912, 913, 914, 915, 916, 919, 918, 917]
919
[2, 900, 901, 902, 903, 904, 905, 906, 907, 908, 909, 910, 911, 912, 913, 914, 915, 916, 918, 919, 917]
[2, 900, 901, 902, 903, 904, 905, 906, 907, 908, 909, 910, 911, 912, 913, 914, 915, 916, 917, 919, 918]
919
[2, 900, 901, 902, 903, 904, 905, 906, 907, 908, 909, 910, 911, 912, 913, 914, 915, 916, 917, 918, 919]
2 190
901
[3, 901, 902, 903, 904, 905, 906, 907, 908, 909, 910, 911, 912, 913, 914, 915, 916, 917, 918, 919, 900]
[3, 901, 902, 903, 904, 905, 906, 907, 908, 909, 910, 911, 912, 913, 914, 915, 916, 917, 918, 919, 900]
[3, 901, 902, 903, 904, 905, 906, 907, 908, 909, 910, 911, 912, 913, 914, 915, 916, 917, 918, 919, 900]
[3, 901, 902, 903, 904, 905, 906, 907, 908, 909, 910, 911, 912, 913, 914, 915, 916, 917, 918, 919, 900]
[3, 901, 902, 903, 904, 905, 906, 907, 908, 909, 910, 911, 912, 913, 914, 915, 916, 917, 918, 919, 900]
[3, 901, 902, 903, 904, 905, 906, 907, 908, 909, 910, 911, 912, 913, 914, 915, 916, 917, 918, 919, 900]
[3, 901, 902, 903, 904, 905, 906, 907, 908, 909, 910, 911, 912, 913, 914, 915, 916, 917, 918, 919, 900]
[3, 901, 902, 903, 904, 905, 906, 907, 908, 909, 910, 911, 912, 913, 914, 915, 916, 917, 918, 919, 900]
[3, 901, 902, 903, 904, 905, 906, 907, 908, 909, 910, 911, 912, 913, 914, 915, 916, 917, 918, 919, 900]
[3, 901, 902, 903, 904, 905, 906, 907, 908, 909, 910, 911, 912, 913, 914, 915, 916, 917, 918, 919, 900]
[3, 901, 902, 903, 904, 905, 906, 907, 908, 909, 910, 911, 912, 913, 914, 915, 916, 917, 918, 919, 900]
[3, 901, 902, 903, 904, 905, 906, 907, 908, 909, 910, 911, 912, 913, 914, 915, 916, 917, 918, 919, 900]
[3, 901, 902, 903, 904, 905, 906, 907, 908, 909, 910, 911, 912, 913, 914, 915, 916, 917, 918, 919, 900]
[3, 901, 902, 903, 904, 905, 906, 907, 908, 909, 910, 911, 912, 913, 914, 915, 916, 917, 918, 919, 900]
[3, 901, 902, 903, 904, 905, 906, 907, 908, 909, 910, 911, 912, 913, 914, 915, 916, 917, 918, 919, 900]
[3, 901, 902, 903, 904, 905, 906, 907, 908, 909, 910, 911, 912, 913, 914, 915, 916, 917, 918, 919, 900]
[3, 901, 902, 903, 904, 905, 906, 907, 908, 909, 910, 911, 912, 913, 914, 915, 916, 917, 918, 919, 900]
[3, 901, 902, 903, 904, 905, 906, 907, 908, 909, 910, 911, 912, 913, 914, 915, 916, 917, 918, 919, 900]
[3, 900, 902, 903, 904, 905, 906, 907, 908, 909, 910, 911, 912, 913, 914, 915, 916, 917, 918, 919, 901]
902
[3, 900, 902, 903, 904, 905, 906, 907, 908, 909, 910, 911, 912, 913, 914, 915, 916, 917, 918, 919, 901]
[3, 900, 902, 903, 904, 905, 906, 907, 908, 909, 910, 911, 912, 913, 914, 915, 916, 917, 918, 919, 901]
[3, 900, 902, 903, 904, 905, 906, 907, 908, 909, 910, 911, 912, 913, 914, 915, 916, 917, 918, 919, 901]
[3, 900, 902, 903, 904, 905, 906, 907, 908, 909, 910, 911, 912, 913, 914, 915, 916, 917, 918, 919, 901]
[3, 900, 902, 903, 904, 905, 906, 907, 908, 909, 910, 911, 912, 913, 914, 915, 916, 917, 918, 919, 901]
[3, 900, 902, 903, 904, 905, 906, 907, 908, 909, 910, 911, 912, 913, 914, 915, 916, 917, 918, 919, 901]
[3, 900, 902, 903, 904, 905, 906, 907, 908, 909, 910, 911, 912, 913, 914, 915, 916, 917, 918, 919, 901]
[3, 900, 902, 903, 904, 905, 906, 907, 908, 909, 910, 911, 912, 913, 914, 915, 916, 917, 918, 919, 901]
[3, 900, 902, 903, 904, 905, 906, 907, 908, 909, 910, 911, 912, 913, 914, 915, 916, 917, 918, 919, 901]
[3, 900, 902, 903, 904, 905, 906, 907, 908, 909, 910, 911, 912, 913, 914, 915, 916, 917, 918, 919, 901]
[3, 900, 902, 903, 904, 905, 906, 907, 908, 909, 910, 911, 912, 913, 914, 915, 916, 917, 918, 919, 901]
[3, 900, 902, 903, 904, 905, 906, 907, 908, 909, 910, 911, 912, 913, 914, 915, 916, 917, 918, 919, 901]
[3, 900, 902, 903, 904, 905, 906, 907, 908, 909, 910, 911, 912, 913, 914, 915, 916, 917, 918, 919, 901]
[3, 900, 902, 903, 904, 905, 906, 907, 908, 909, 910, 911, 912, 913, 914, 915, 916, 917, 918, 919, 901]
[3, 900, 902, 903, 904, 905, 906, 907, 908, 909, 910, 911, 912, 913, 914, 915, 916, 917, 918, 919, 901]
[3, 900, 902, 903, 904, 905, 906, 907, 908, 909, 910, 911, 912, 913, 914, 915, 916, 917, 918, 919, 901]
[3, 900, 902, 903, 904, 905, 906, 907, 908, 909, 910, 911, 912, 913, 914, 915, 916, 917, 918, 919, 901]
[3, 900, 901, 903, 904, 905, 906, 907, 908, 909, 910, 911, 912, 913, 914, 915, 916, 917, 918, 919, 902]
903
[3, 900, 901, 903, 904, 905, 906, 907, 908, 909, 910, 911, 912, 913, 914, 915, 916, 917, 918, 919, 902]
[3, 900, 901, 903, 904, 905, 906, 907, 908, 909, 910, 911, 912, 913, 914, 915, 916, 917, 918, 919, 902]
[3, 900, 901, 903, 904, 905, 906, 907, 908, 909, 910, 911, 912, 913, 914, 915, 916, 917, 918, 919, 902]
[3, 900, 901, 903, 904, 905, 906, 907, 908, 909, 910, 911, 912, 913, 914, 915, 916, 917, 918, 919, 902]
[3, 900, 901, 903, 904, 905, 906, 907, 908, 909, 910, 911, 912, 913, 914, 915, 916, 917, 918, 919, 902]
[3, 900, 901, 903, 904, 905, 906, 907, 908, 909, 910, 911, 912, 913, 914, 915, 916, 917, 918, 919, 902]
[3, 900, 901, 903, 904, 905, 906, 907, 908, 909, 910, 911, 912, 913, 914, 915, 916, 917, 918, 919, 902]
[3, 900, 901, 903, 904, 905, 906, 907, 908, 909, 910, 911, 912, 913, 914, 915, 916, 917, 918, 919, 902]
[3, 900, 901, 903, 904, 905, 906, 907, 908, 909, 910, 911, 912, 913, 914, 915, 916, 917, 918, 919, 902]
[3, 900, 901, 903, 904, 905, 906, 907, 908, 909, 910, 911, 912, 913, 914, 915, 916, 917, 918, 919, 902]
[3, 900, 901, 903, 904, 905, 906, 907, 908, 909, 910, 911, 912, 913, 914, 915, 916, 917, 918, 919, 902]
[3, 900, 901, 903, 904, 905, 906, 907, 908, 909, 910, 911, 912, 913, 914, 915, 916, 917, 918, 919, 902]
[3, 900, 901, 903, 904, 905, 906, 907, 908, 909, 910, 911, 912, 913, 914, 915, 916, 917, 918, 919, 902]
[3, 900, 901, 903, 904, 905, 906, 907, 908, 909, 910, 911, 912, 913, 914, 915, 916, 917, 918, 919, 902]
[3, 900, 901, 903, 904, 905, 906, 907, 908, 909, 910, 911, 912, 913, 914, 915, 916, 917, 918, 919, 902]
[3, 900, 901, 903, 904, 905, 906, 907, 908, 909, 910, 911, 912, 913, 914, 915, 916, 917, 918, 919, 902]
[3, 900, 901, 902, 904, 905, 906, 907, 908, 909, 910, 911, 912, 913, 914, 915, 916, 917, 918, 919, 903]
904
[3, 900, 901, 902, 904, 905, 906, 907, 908, 909, 910, 911, 912, 913, 914, 915, 916, 917, 918, 919, 903]
[3, 900, 901, 902, 904, 905, 906, 907, 908, 909, 910, 911, 912, 913, 914, 915, 916, 917, 918, 919, 903]
[3, 900, 901, 902, 904, 905, 906, 907, 908, 909, 910, 911, 912, 913, 914, 915, 916, 917, 918, 919, 903]
[3, 900, 901, 902, 904, 905, 906, 907, 908, 909, 910, 911, 912, 913, 914, 915, 916, 917, 918, 919, 903]
[3, 900, 901, 902, 904, 905, 906, 907, 908, 909, 910, 911, 912, 913, 914, 915, 916, 917, 918, 919, 903]
[3, 900, 901, 902, 904, 905, 906, 907, 908, 909, 910, 911, 912, 913, 914, 915, 916, 917, 918, 919, 903]
[3, 900, 901, 902, 904, 905, 906, 907, 908, 909, 910, 911, 912, 913, 914, 915, 916, 917, 918, 919, 903]
[3, 900, 901, 902, 904, 905, 906, 907, 908, 909, 910, 911, 912, 913, 914, 915, 916, 917, 918, 919, 903]
[3, 900, 901, 902, 904, 905, 906, 907, 908, 909, 910, 911, 912, 913, 914, 915, 916, 917, 918, 919, 903]
[3, 900, 901, 902, 904, 905, 906, 907, 908, 909, 910, 911, 912, 913, 914, 915, 916, 917, 918, 919, 903]
[3, 900, 901, 902, 904, 905, 906, 907, 908, 909, 910, 911, 912, 913, 914, 915, 916, 917, 918, 919, 903]
[3, 900, 901, 902, 904, 905, 906, 907, 908, 909, 910, 911, 912, 913, 914, 915, 916, 917, 918, 919, 903]
[3, 900, 901, 902, 904, 905, 906, 907, 908, 909, 910, 911, 912, 913, 914, 915, 916, 917, 918, 919, 903]
[3, 900, 901, 902, 904, 905, 906, 907, 908, 909, 910, 911, 912, 913, 914, 915, 916, 917, 918, 919, 903]
[3, 900, 901, 902, 904, 905, 906, 907, 908, 909, 910, 911, 912, 913, 914, 915, 916, 917, 918, 919, 903]
[3, 900, 901, 902, 903, 905, 906, 907, 908, 909, 910, 911, 912, 913, 914, 915, 916, 917, 918, 919, 904]
905
[3, 900, 901, 902, 903, 905, 906, 907, 908, 909, 910, 911, 912, 913, 914, 915, 916, 917, 918, 919, 904]
[3, 900, 901, 902, 903, 905, 906, 907, 908, 909, 910, 911, 912, 913, 914, 915, 916, 917, 918, 919, 904]
[3, 900, 901, 902, 903, 905, 906, 907, 908, 909, 910, 911, 912, 913, 914, 915, 916, 917, 918, 919, 904]
[3, 900, 901, 902, 903, 905, 906, 907, 908, 909, 910, 911, 912, 913, 914, 915, 916, 917, 918, 919, 904]
[3, 900, 901, 902, 903, 905, 906, 907, 908, 909, 910, 911, 912, 913, 914, 915, 916, 917, 918, 919, 904]
[3, 900, 901, 902, 903, 905, 906, 907, 908, 909, 910, 911, 912, 913, 914, 915, 916, 917, 918, 919, 904]
[3, 900, 901, 902, 903, 905, 906, 907, 908, 909, 910, 911, 912, 913, 914, 915, 916, 917, 918, 919, 904]
[3, 900, 901, 902, 903, 905, 906, 907, 908, 909, 910, 911, 912, 913, 914, 915, 916, 917, 918, 919, 904]
[3, 900, 901, 902, 903, 905, 906, 907, 908, 909, 910, 911, 912, 913, 914, 915, 916, 917, 918, 919, 904]
[3, 900, 901, 902, 903, 905, 906, 907, 908, 909, 910, 911, 912, 913, 914, 915, 916, 917, 918, 919, 904]
[3, 900, 901, 902, 903, 905, 906, 907, 908, 909, 910, 911, 912, 913, 914, 915, 916, 917, 918, 919, 904]
[3, 900, 901, 902, 903, 905, 906, 907, 908, 909, 910, 911, 912, 913, 914, 915, 916, 917, 918, 919, 904]
[3, 900, 901, 902, 903, 905, 906, 907, 908, 909, 910, 911, 912, 913, 914, 915, 916, 917, 918, 919, 904]
[3, 900, 901, 902, 903, 905, 906, 907, 908, 909, 910, 911, 912, 913, 914, 915, 916, 917, 918, 919, 904]
[3, 900, 901, 902, 903, 904, 906, 907, 908, 909, 910, 911, 912, 913, 914, 915, 916, 917, 918, 919, 905]
906
[3, 900, 901, 902, 903, 904, 906, 907, 908, 909, 910, 911, 912, 913, 914, 915, 916, 917, 918, 919, 905]
[3, 900, 901, 902, 903, 904, 906, 907, 908, 909, 910, 911, 912, 913, 914, 915, 916, 917, 918, 919, 905]
[3, 900, 901, 902, 903, 904, 906, 907, 908, 909, 910, 911, 912, 913, 914, 915, 916, 917, 918, 919, 905]
[3, 900, 901, 902, 903, 904, 906, 907, 908, 909, 910, 911, 912, 913, 914, 915, 916, 917, 918, 919, 905]
[3, 900, 901, 902, 903, 904, 906, 907, 908, 909, 910, 911, 912, 913, 914, 915, 916, 917, 918, 919, 905]
[3, 900, 901, 902, 903, 904, 906, 907, 908, 909, 910, 911, 912, 913, 914, 915, 916, 917, 918, 919, 905]
[3, 900, 901, 902, 903, 904, 906, 907, 908, 909, 910, 911, 912, 913, 914, 915, 916, 917, 918, 919, 905]
[3, 900, 901, 902, 903, 904, 906, 907, 908, 909, 910, 911, 912, 913, 914, 915, 916, 917, 918, 919, 905]
[3, 900, 901, 902, 903, 904, 906, 907, 908, 909, 910, 911, 912, 913, 914, 915, 916, 917, 918, 919, 905]
[3, 900, 901, 902, 903, 904, 906, 907, 908, 909, 910, 911, 912, 913, 914, 915, 916, 917, 918, 919, 905]
[3, 900, 901, 902, 903, 904, 906, 907, 908, 909, 910, 911, 912, 913, 914, 915, 916, 917, 918, 919, 905]
[3, 900, 901, 902, 903, 904, 906, 907, 908, 909, 910, 911, 912, 913, 914, 915, 916, 917, 918, 919, 905]
[3, 900, 901, 902, 903, 904, 906, 907, 908, 909, 910, 911, 912, 913, 914, 915, 916, 917, 918, 919, 905]
[3, 900, 901, 902, 903, 904, 905, 907, 908, 909, 910, 911, 912, 913, 914, 915, 916, 917, 918, 919, 906]
907
[3, 900, 901, 902, 903, 904, 905, 907, 908, 909, 910, 911, 912, 913, 914, 915, 916, 917, 918, 919, 906]
[3, 900, 901, 902, 903, 904, 905, 907, 908, 909, 910, 911, 912, 913, 914, 915, 916, 917, 918, 919, 906]
[3, 900, 901, 902, 903, 904, 905, 907, 908, 909, 910, 911, 912, 913, 914, 915, 916, 917, 918, 919, 906]
[3, 900, 901, 902, 903, 904, 905, 907, 908, 909, 910, 911, 912, 913, 914, 915, 916, 917, 918, 919, 906]
[3, 900, 901, 902, 903, 904, 905, 907, 908, 909, 910, 911, 912, 913, 914, 915, 916, 917, 918, 919, 906]
[3, 900, 901, 902, 903, 904, 905, 907, 908, 909, 910, 911, 912, 913, 914, 915, 916, 917, 918, 919, 906]
[3, 900, 901, 902, 903, 904, 905, 907, 908, 909, 910, 911, 912, 913, 914, 915, 916, 917, 918, 919, 906]
[3, 900, 901, 902, 903, 904, 905, 907, 908, 909, 910, 911, 912, 913, 914, 915, 916, 917, 918, 919, 906]
[3, 900, 901, 902, 903, 904, 905, 907, 908, 909, 910, 911, 912, 913, 914, 915, 916, 917, 918, 919, 906]
[3, 900, 901, 902, 903, 904, 905, 907, 908, 909, 910, 911, 912, 913, 914, 915, 916, 917, 918, 919, 906]
[3, 900, 901, 902, 903, 904, 905, 907, 908, 909, 910, 911, 912, 913, 914, 915, 916, 917, 918, 919, 906]
[3, 900, 901, 902, 903, 904, 905, 907, 908, 909, 910, 911, 912, 913, 914, 915, 916, 917, 918, 919, 906]
[3, 900, 901, 902, 903, 904, 905, 906, 908, 909, 910, 911, 912, 913, 914, 915, 916, 917, 918, 919, 907]
908
[3, 900, 901, 902, 903, 904, 905, 906, 908, 909, 910, 911, 912, 913, 914, 915, 916, 917, 918, 919, 907]
[3, 900, 901, 902, 903, 904, 905, 906, 908, 909, 910, 911, 912, 913, 914, 915, 916, 917, 918, 919, 907]
[3, 900, 901, 902, 903, 904, 905, 906, 908, 909, 910, 911, 912, 913, 914, 915, 916, 917, 918, 919, 907]
[3, 900, 901, 902, 903, 904, 905, 906, 908, 909, 910, 911, 912, 913, 914, 915, 916, 917, 918, 919, 907]
[3, 900, 901, 902, 903, 904, 905, 906, 908, 909, 910, 911, 912, 913, 914, 915, 916, 917, 918, 919, 907]
[3, 900, 901, 902, 903, 904, 905, 906, 908, 909, 910, 911, 912, 913, 914, 915, 916, 917, 918, 919, 907]
[3, 900, 901, 902, 903, 904, 905, 906, 908, 909, 910, 911, 912, 913, 914, 915, 916, 917, 918, 919, 907]
[3, 900, 901, 902, 903, 904, 905, 906, 908, 909, 910, 911, 912, 913, 914, 915, 916, 917, 918, 919, 907]
[3, 900, 901, 902, 903, 904, 905, 906, 908, 909, 910, 911, 912, 913, 914, 915, 916, 917, 918, 919, 907]
[3, 900, 901, 902, 903, 904, 905, 906, 908, 909, 910, 911, 912, 913, 914, 915, 916, 917, 918, 919, 907]
[3, 900, 901, 902, 903, 904, 905, 906, 908, 909, 910, 911, 912, 913, 914, 915, 916, 917, 918, 919, 907]
[3, 900, 901, 902, 903, 904, 905, 906, 907, 909, 910, 911, 912, 913, 914, 915, 916, 917, 918, 919, 908]
909
[3, 900, 901, 902, 903, 904, 905, 906, 907, 909, 910, 911, 912, 913, 914, 915, 916, 917, 918, 919, 908]
[3, 900, 901, 902, 903, 904, 905, 906, 907, 909, 910, 911, 912, 913, 914, 915, 916, 917, 918, 919, 908]
[3, 900, 901, 902, 903, 904, 905, 906, 907, 909, 910, 911, 912, 913, 914, 915, 916, 917, 918, 919, 908]
[3, 900, 901, 902, 903, 904, 905, 906, 907, 909, 910, 911, 912, 913, 914, 915, 916, 917, 918, 919, 908]
[3, 900, 901, 902, 903, 904, 905, 906, 907, 909, 910, 911, 912, 913, 914, 915, 916, 917, 918, 919, 908]
[3, 900, 901, 902, 903, 904, 905, 906, 907, 909, 910, 911, 912, 913, 914, 915, 916, 917, 918, 919, 908]
[3, 900, 901, 902, 903, 904, 905, 906, 907, 909, 910, 911, 912, 913, 914, 915, 916, 917, 918, 919, 908]
[3, 900, 901, 902, 903, 904, 905, 906, 907, 909, 910, 911, 912, 913, 914, 915, 916, 917, 918, 919, 908]
[3, 900, 901, 902, 903, 904, 905, 906, 907, 909, 910, 911, 912, 913, 914, 915, 916, 917, 918, 919, 908]
[3, 900, 901, 902, 903, 904, 905, 906, 907, 909, 910, 911, 912, 913, 914, 915, 916, 917, 918, 919, 908]
[3, 900, 901, 902, 903, 904, 905, 906, 907, 908, 910, 911, 912, 913, 914, 915, 916, 917, 918, 919, 909]
910
[3, 900, 901, 902, 903, 904, 905, 906, 907, 908, 910, 911, 912, 913, 914, 915, 916, 917, 918, 919, 909]
[3, 900, 901, 902, 903, 904, 905, 906, 907, 908, 910, 911, 912, 913, 914, 915, 916, 917, 918, 919, 909]
[3, 900, 901, 902, 903, 904, 905, 906, 907, 908, 910, 911, 912, 913, 914, 915, 916, 917, 918, 919, 909]
[3, 900, 901, 902, 903, 904, 905, 906, 907, 908, 910, 911, 912, 913, 914, 915, 916, 917, 918, 919, 909]
[3, 900, 901, 902, 903, 904, 905, 906, 907, 908, 910, 911, 912, 913, 914, 915, 916, 917, 918, 919, 909]
[3, 900, 901, 902, 903, 904, 905, 906, 907, 908, 910, 911, 912, 913, 914, 915, 916, 917, 918, 919, 909]
[3, 900, 901, 902, 903, 904, 905, 906, 907, 908, 910, 911, 912, 913, 914, 915, 916, 917, 918, 919, 909]
[3, 900, 901, 902, 903, 904, 905, 906, 907, 908, 910, 911, 912, 913, 914, 915, 916, 917, 918, 919, 909]
[3, 900, 901, 902, 903, 904, 905, 906, 907, 908, 910, 911, 912, 913, 914, 915, 916, 917, 918, 919, 909]
[3, 900, 901, 902, 903, 904, 905, 906, 907, 908, 909, 911, 912, 913, 914, 915, 916, 917, 918, 919, 910]
911
[3, 900, 901, 902, 903, 904, 905, 906, 907, 908, 909, 911, 912, 913, 914, 915, 916, 917, 918, 919, 910]
[3, 900, 901, 902, 903, 904, 905, 906, 907, 908, 909, 911, 912, 913, 914, 915, 916, 917, 918, 919, 910]
[3, 900, 901, 902, 903, 904, 905, 906, 907, 908, 909, 911, 912, 913, 914, 915, 916, 917, 918, 919, 910]
[3, 900, 901, 902, 903, 904, 905, 906, 907, 908, 909, 911, 912, 913, 914, 915, 916, 917, 918, 919, 910]
[3, 900, 901, 902, 903, 904, 905, 906, 907, 908, 909, 911, 912, 913, 914, 915, 916, 917, 918, 919, 910]
[3, 900, 901, 902, 903, 904, 905, 906, 907, 908, 909, 911, 912, 913, 914, 915, 916, 917, 918, 919, 910]
[3, 900, 901, 902, 903, 904, 905, 906, 907, 908, 909, 911, 912, 913, 914, 915, 916, 917, 918, 919, 910]
[3, 900, 901, 902, 903, 904, 905, 906, 907, 908, 909, 911, 912, 913, 914, 915, 916, 917, 918, 919, 910]
[3, 900, 901, 902, 903, 904, 905, 906, 907, 908, 909, 910, 912, 913, 914, 915, 916, 917, 918, 919, 911]
912
[3, 900, 901, 902, 903, 904, 905, 906, 907, 908, 909, 910, 912, 913, 914, 915, 916, 917, 918, 919, 911]
[3, 900, 901, 902, 903, 904, 905, 906, 907, 908, 909, 910, 912, 913, 914, 915, 916, 917, 918, 919, 911]
[3, 900, 901, 902, 903, 904, 905, 906, 907, 908, 909, 910, 912, 913, 914, 915, 916, 917, 918, 919, 911]
[3, 900, 901, 902, 903, 904, 905, 906, 907, 908, 909, 910, 912, 913, 914, 915, 916, 917, 918, 919, 911]
[3, 900, 901, 902, 903, 904, 905, 906, 907, 908, 909, 910, 912, 913, 914, 915, 916, 917, 918, 919, 911]
[3, 900, 901, 902, 903, 904, 905, 906, 907, 908, 909, 910, 912, 913, 914, 915, 916, 917, 918, 919, 911]
[3, 900, 901, 902, 903, 904, 905, 906, 907, 908, 909, 910, 912, 913, 914, 915, 916, 917, 918, 919, 911]
[3, 900, 901, 902, 903, 904, 905, 906, 907, 908, 909, 910, 911, 913, 914, 915, 916, 917, 918, 919, 912]
913
[3, 900, 901, 902, 903, 904, 905, 906, 907, 908, 909, 910, 911, 913, 914, 915, 916, 917, 918, 919, 912]
[3, 900, 901, 902, 903, 904, 905, 906, 907, 908, 909, 910, 911, 913, 914, 915, 916, 917, 918, 919, 912]
[3, 900, 901, 902, 903, 904, 905, 906, 907, 908, 909, 910, 911, 913, 914, 915, 916, 917, 918, 919, 912]
[3, 900, 901, 902, 903, 904, 905, 906, 907, 908, 909, 910, 911, 913, 914, 915, 916, 917, 918, 919, 912]
[3, 900, 901, 902, 903, 904, 905, 906, 907, 908, 909, 910, 911, 913, 914, 915, 916, 917, 918, 919, 912]
[3, 900, 901, 902, 903, 904, 905, 906, 907, 908, 909, 910, 911, 913, 914, 915, 916, 917, 918, 919, 912]
[3, 900, 901, 902, 903, 904, 905, 906, 907, 908, 909, 910, 911, 912, 914, 915, 916, 917, 918, 919, 913]
914
[3, 900, 901, 902, 903, 904, 905, 906, 907, 908, 909, 910, 911, 912, 914, 915, 916, 917, 918, 919, 913]
[3, 900, 901, 902, 903, 904, 905, 906, 907, 908, 909, 910, 911, 912, 914, 915, 916, 917, 918, 919, 913]
[3, 900, 901, 902, 903, 904, 905, 906, 907, 908, 909, 910, 911, 912, 914, 915, 916, 917, 918, 919, 913]
[3, 900, 901, 902, 903, 904, 905, 906, 907, 908, 909, 910, 911, 912, 914, 915, 916, 917, 918, 919, 913]
[3, 900, 901, 902, 903, 904, 905, 906, 907, 908, 909, 910, 911, 912, 914, 915, 916, 917, 918, 919, 913]
[3, 900, 901, 902, 903, 904, 905, 906, 907, 908, 909, 910, 911, 912, 913, 915, 916, 917, 918, 919, 914]
915
[3, 900, 901, 902, 903, 904, 905, 906, 907, 908, 909, 910, 911, 912, 913, 915, 916, 917, 918, 919, 914]
[3, 900, 901, 902, 903, 904, 905, 906, 907, 908, 909, 910, 911, 912, 913, 915, 916, 917, 918, 919, 914]
[3, 900, 901, 902, 903, 904, 905, 906, 907, 908, 909, 910, 911, 912, 913, 915, 916, 917, 918, 919, 914]
[3, 900, 901, 902, 903, 904, 905, 906, 907, 908, 909, 910, 911, 912, 913, 915, 916, 917, 918, 919, 914]
[3, 900, 901, 902, 903, 904, 905, 906, 907, 908, 909, 910, 911, 912, 913, 914, 916, 917, 918, 919, 915]
916
[3, 900, 901, 902, 903, 904, 905, 906, 907, 908, 909, 910, 911, 912, 913, 914, 916, 917, 918, 919, 915]
[3, 900, 901, 902, 903, 904, 905, 906, 907, 908, 909, 910, 911, 912, 913, 914, 916, 917, 918, 919, 915]
[3, 900, 901, 902, 903, 904, 905, 906, 907, 908, 909, 910, 911, 912, 913, 914, 916, 917, 918, 919, 915]
[3, 900, 901, 902, 903, 904, 905, 906, 907, 908, 909, 910, 911, 912, 913, 914, 915, 917, 918, 919, 916]
917
[3, 900, 901, 902, 903, 904, 905, 906, 907, 908, 909, 910, 911, 912, 913, 914, 915, 917, 918, 919, 916]
[3, 900, 901, 902, 903, 904, 905, 906, 907, 908, 909, 910, 911, 912, 913, 914, 915, 917, 918, 919, 916]
[3, 900, 901, 902, 903, 904, 905, 906, 907, 908, 909, 910, 911, 912, 913, 914, 915, 916, 918, 919, 917]
918
[3, 900, 901, 902, 903, 904, 905, 906, 907, 908, 909, 910, 911, 912, 913, 914, 915, 916, 918, 919, 917]
[3, 900, 901, 902, 903, 904, 905, 906, 907, 908, 909, 910, 911, 912, 913, 914, 915, 916, 917, 919, 918]
919
[3, 900, 901, 902, 903, 904, 905, 906, 907, 908, 909, 910, 911, 912, 913, 914, 915, 916, 917, 918, 919]
3 19
918
[4, 917, 918, 916, 915, 914, 913, 912, 911, 910, 909, 908, 907, 906, 905, 904, 903, 902, 901, 900, 919]
[4, 916, 918, 917, 915, 914, 913, 912, 911, 910, 909, 908, 907, 906, 905, 904, 903, 902, 901, 900, 919]
[4, 915, 918, 917, 916, 914, 913, 912, 911, 910, 909, 908, 907, 906, 905, 904, 903, 902, 901, 900, 919]
[4, 914, 918, 917, 916, 915, 913, 912, 911, 910, 909, 908, 907, 906, 905, 904, 903, 902, 901, 900, 919]
[4, 913, 918, 917, 916, 915, 914, 912, 911, 910, 909, 908, 907, 906, 905, 904, 903, 902, 901, 900, 919]
[4, 912, 918, 917, 916, 915, 914, 913, 911, 910, 909, 908, 907, 906, 905, 904, 903, 902, 901, 900, 919]
[4, 911, 918, 917, 916, 915, 914, 913, 912, 910, 909, 908, 907, 906, 905, 904, 903, 902, 901, 900, 919]
[4, 910, 918, 917, 916, 915, 914, 913, 912, 911, 909, 908, 907, 906, 905, 904, 903, 902, 901, 900, 919]
[4, 909, 918, 917, 916, 915, 914, 913, 912, 911, 910, 908, 907, 906, 905, 904, 903, 902, 901, 900, 919]
[4, 908, 918, 917, 916, 915, 914, 913, 912, 911, 910, 909, 907, 906, 905, 904, 903, 902, 901, 900, 919]
[4, 907, 918, 917, 916, 915, 914, 913, 912, 911, 910, 909, 908, 906, 905, 904, 903, 902, 901, 900, 919]
[4, 906, 918, 917, 916, 915, 914, 913, 912, 911, 910, 909, 908, 907, 905, 904, 903, 902, 901, 900, 919]
[4, 905, 918, 917, 916, 915, 914, 913, 912, 911, 910, 909, 908, 907, 906, 904, 903, 902, 901, 900, 919]
[4, 904, 918, 917, 916, 915, 914, 913, 912, 911, 910, 909, 908, 907, 906, 905, 903, 902, 901, 900, 919]
[4, 903, 918, 917, 916, 915, 914, 913, 912, 911, 910, 909, 908, 907, 906, 905, 904, 902, 901, 900, 919]
[4, 902, 918, 917, 916, 915, 914, 913, 912, 911, 910, 909, 908, 907, 906, 905, 904, 903, 901, 900, 919]
[4, 901, 918, 917, 916, 915, 914, 913, 912, 911, 910, 909, 908, 907, 906, 905, 904, 903, 902, 900, 919]
[4, 900, 918, 917, 916, 915, 914, 913, 912, 911, 910, 909, 908, 907, 906, 905, 904, 903, 902, 901, 919]
[4, 900, 918, 917, 916, 915, 914, 913, 912, 911, 910, 909, 908, 907, 906, 905, 904, 903, 902, 901, 919]
918
[4, 900, 917, 918, 916, 915, 914, 913, 912, 911, 910, 909, 908, 907, 906, 905, 904, 903, 902, 901, 919]
[4, 900, 916, 918, 917, 915, 914, 913, 912, 911, 910, 909, 908, 907, 906, 905, 904, 903, 902, 901, 919]
[4, 900, 915, 918, 917, 916, 914, 913, 912, 911, 910, 909, 908, 907, 906, 905, 904, 903, 902, 901, 919]
[4, 900, 914, 918, 917, 916, 915, 913, 912, 911, 910, 909, 908, 907, 906, 905, 904, 903, 902, 901, 919]
[4, 900, 913, 918, 917, 916, 915, 914, 912, 911, 910, 909, 908, 907, 906, 905, 904, 903, 902, 901, 919]
[4, 900, 912, 918, 917, 916, 915, 914, 913, 911, 910, 909, 908, 907, 906, 905, 904, 903, 902, 901, 919]
[4, 900, 911, 918, 917, 916, 915, 914, 913, 912, 910, 909, 908, 907, 906, 905, 904, 903, 902, 901, 919]
[4, 900, 910, 918, 917, 916, 915, 914, 913, 912, 911, 909, 908, 907, 906, 905, 904, 903, 902, 901, 919]
[4, 900, 909, 918, 917, 916, 915, 914, 913, 912, 911, 910, 908, 907, 906, 905, 904, 903, 902, 901, 919]
[4, 900, 908, 918, 917, 916, 915, 914, 913, 912, 911, 910, 909, 907, 906, 905, 904, 903, 902, 901, 919]
[4, 900, 907, 918, 917, 916, 915, 914, 913, 912, 911, 910, 909, 908, 906, 905, 904, 903, 902, 901, 919]
[4, 900, 906, 918, 917, 916, 915, 914, 913, 912, 911, 910, 909, 908, 907, 905, 904, 903, 902, 901, 919]
[4, 900, 905, 918, 917, 916, 915, 914, 913, 912, 911, 910, 909, 908, 907, 906, 904, 903, 902, 901, 919]
[4, 900, 904, 918, 917, 916, 915, 914, 913, 912, 911, 910, 909, 908, 907, 906, 905, 903, 902, 901, 919]
[4, 900, 903, 918, 917, 916, 915, 914, 913, 912, 911, 910, 909, 908, 907, 906, 905, 904, 902, 901, 919]
[4, 900, 902, 918, 917, 916, 915, 914, 913, 912, 911, 910, 909, 908, 907, 906, 905, 904, 903, 901, 919]
[4, 900, 901, 918, 917, 916, 915, 914, 913, 912, 911, 910, 909, 908, 907, 906, 905, 904, 903, 902, 919]
[4, 900, 901, 918, 917, 916, 915, 914, 913, 912, 911, 910, 909, 908, 907, 906, 905, 904, 903, 902, 919]
918
[4, 900, 901, 917, 918, 916, 915, 914, 913, 912, 911, 910, 909, 908, 907, 906, 905, 904, 903, 902, 919]
[4, 900, 901, 916, 918, 917, 915, 914, 913, 912, 911, 910, 909, 908, 907, 906, 905, 904, 903, 902, 919]
[4, 900, 901, 915, 918, 917, 916, 914, 913, 912, 911, 910, 909, 908, 907, 906, 905, 904, 903, 902, 919]
[4, 900, 901, 914, 918, 917, 916, 915, 913, 912, 911, 910, 909, 908, 907, 906, 905, 904, 903, 902, 919]
[4, 900, 901, 913, 918, 917, 916, 915, 914, 912, 911, 910, 909, 908, 907, 906, 905, 904, 903, 902, 919]
[4, 900, 901, 912, 918, 917, 916, 915, 914, 913, 911, 910, 909, 908, 907, 906, 905, 904, 903, 902, 919]
[4, 900, 901, 911, 918, 917, 916, 915, 914, 913, 912, 910, 909, 908, 907, 906, 905, 904, 903, 902, 919]
[4, 900, 901, 910, 918, 917, 916, 915, 914, 913, 912, 911, 909, 908, 907, 906, 905, 904, 903, 902, 919]
[4, 900, 901, 909, 918, 917, 916, 915, 914, 913, 912, 911, 910, 908, 907, 906, 905, 904, 903, 902, 919]
[4, 900, 901, 908, 918, 917, 916, 915, 914, 913, 912, 911, 910, 909, 907, 906, 905, 904, 903, 902, 919]
[4, 900, 901, 907, 918, 917, 916, 915, 914, 913, 912, 911, 910, 909, 908, 906, 905, 904, 903, 902, 919]
[4, 900, 901, 906, 918, 917, 916, 915, 914, 913, 912, 911, 910, 909, 908, 907, 905, 904, 903, 902, 919]
[4, 900, 901, 905, 918, 917, 916, 915, 914, 913, 912, 911, 910, 909, 908, 907, 906, 904, 903, 902, 919]
[4, 900, 901, 904, 918, 917, 916, 915, 914, 913, 912, 911, 910, 909, 908, 907, 906, 905, 903, 902, 919]
[4, 900, 901, 903, 918, 917, 916, 915, 914, 913, 912, 911, 910, 909, 908, 907, 906, 905, 904, 902, 919]
[4, 900, 901, 902, 918, 917, 916, 915, 914, 913, 912, 911, 910, 909, 908, 907, 906, 905, 904, 903, 919]
[4, 900, 901, 902, 918, 917, 916, 915, 914, 913, 912, 911, 910, 909, 908, 907, 906, 905, 904, 903, 919]
918
[4, 900, 901, 902, 917, 918, 916, 915, 914, 913, 912, 911, 910, 909, 908, 907, 906, 905, 904, 903, 919]
[4, 900, 901, 902, 916, 918, 917, 915, 914, 913, 912, 911, 910, 909, 908, 907, 906, 905, 904, 903, 919]
[4, 900, 901, 902, 915, 918, 917, 916, 914, 913, 912, 911, 910, 909, 908, 907, 906, 905, 904, 903, 919]
[4, 900, 901, 902, 914, 918, 917, 916, 915, 913, 912, 911, 910, 909, 908, 907, 906, 905, 904, 903, 919]
[4, 900, 901, 902, 913, 918, 917, 916, 915, 914, 912, 911, 910, 909, 908, 907, 906, 905, 904, 903, 919]
[4, 900, 901, 902, 912, 918, 917, 916, 915, 914, 913, 911, 910, 909, 908, 907, 906, 905, 904, 903, 919]
[4, 900, 901, 902, 911, 918, 917, 916, 915, 914, 913, 912, 910, 909, 908, 907, 906, 905, 904, 903, 919]
[4, 900, 901, 902, 910, 918, 917, 916, 915, 914, 913, 912, 911, 909, 908, 907, 906, 905, 904, 903, 919]
[4, 900, 901, 902, 909, 918, 917, 916, 915, 914, 913, 912, 911, 910, 908, 907, 906, 905, 904, 903, 919]
[4, 900, 901, 902, 908, 918, 917, 916, 915, 914, 913, 912, 911, 910, 909, 907, 906, 905, 904, 903, 919]
[4, 900, 901, 902, 907, 918, 917, 916, 915, 914, 913, 912, 911, 910, 909, 908, 906, 905, 904, 903, 919]
[4, 900, 901, 902, 906, 918, 917, 916, 915, 914, 913, 912, 911, 910, 909, 908, 907, 905, 904, 903, 919]
[4, 900, 901, 902, 905, 918, 917, 916, 915, 914, 913, 912, 911, 910, 909, 908, 907, 906, 904, 903, 919]
[4, 900, 901, 902, 904, 918, 917, 916, 915, 914, 913, 912, 911, 910, 909, 908, 907, 906, 905, 903, 919]
[4, 900, 901, 902, 903, 918, 917, 916, 915, 914, 913, 912, 911, 910, 909, 908, 907, 906, 905, 904, 919]
[4, 900, 901, 902, 903, 918, 917, 916, 915, 914, 913, 912, 911, 910, 909, 908, 907, 906, 905, 904, 919]
918
[4, 900, 901, 902, 903, 917, 918, 916, 915, 914, 913, 912, 911, 910, 909, 908, 907, 906, 905, 904, 919]
[4, 900, 901, 902, 903, 916, 918, 917, 915, 914, 913, 912, 911, 910, 909, 908, 907, 906, 905, 904, 919]
[4, 900, 901, 902, 903, 915, 918, 917, 916, 914, 913, 912, 911, 910, 909, 908, 907, 906, 905, 904, 919]
[4, 900, 901, 902, 903, 914, 918, 917, 916, 915, 913, 912, 911, 910, 909, 908, 907, 906, 905, 904, 919]
[4, 900, 901, 902, 903, 913, 918, 917, 916, 915, 914, 912, 911, 910, 909, 908, 907, 906, 905, 904, 919]
[4, 900, 901, 902, 903, 912, 918, 917, 916, 915, 914, 913, 911, 910, 909, 908, 907, 906, 905, 904, 919]
[4, 900, 901, 902, 903, 911, 918, 917, 916, 915, 914, 913, 912, 910, 909, 908, 907, 906, 905, 904, 919]
[4, 900, 901, 902, 903, 910, 918, 917, 916, 915, 914, 913, 912, 911, 909, 908, 907, 906, 905, 904, 919]
[4, 900, 901, 902, 903, 909, 918, 917, 916, 915, 914, 913, 912, 911, 910, 908, 907, 906, 905, 904, 919]
[4, 900, 901, 902, 903, 908, 918, 917, 916, 915, 914, 913, 912, 911, 910, 909, 907, 906, 905, 904, 919]
[4, 900, 901, 902, 903, 907, 918, 917, 916, 915, 914, 913, 912, 911, 910, 909, 908, 906, 905, 904, 919]
[4, 900, 901, 902, 903, 906, 918, 917, 916, 915, 914, 913, 912, 911, 910, 909, 908, 907, 905, 904, 919]
[4, 900, 901, 902, 903, 905, 918, 917, 916, 915, 914, 913, 912, 911, 910, 909, 908, 907, 906, 904, 919]
[4, 900, 901, 902, 903, 904, 918, 917, 916, 915, 914, 913, 912, 911, 910, 909, 908, 907, 906, 905, 919]
[4, 900, 901, 902, 903, 904, 918, 917, 916, 915, 914, 913, 912, 911, 910, 909, 908, 907, 906, 905, 919]
918
[4, 900, 901, 902, 903, 904, 917, 918, 916, 915, 914, 913, 912, 911, 910, 909, 908, 907, 906, 905, 919]
[4, 900, 901, 902, 903, 904, 916, 918, 917, 915, 914, 913, 912, 911, 910, 909, 908, 907, 906, 905, 919]
[4, 900, 901, 902, 903, 904, 915, 918, 917, 916, 914, 913, 912, 911, 910, 909, 908, 907, 906, 905, 919]
[4, 900, 901, 902, 903, 904, 914, 918, 917, 916, 915, 913, 912, 911, 910, 909, 908, 907, 906, 905, 919]
[4, 900, 901, 902, 903, 904, 913, 918, 917, 916, 915, 914, 912, 911, 910, 909, 908, 907, 906, 905, 919]
[4, 900, 901, 902, 903, 904, 912, 918, 917, 916, 915, 914, 913, 911, 910, 909, 908, 907, 906, 905, 919]
[4, 900, 901, 902, 903, 904, 911, 918, 917, 916, 915, 914, 913, 912, 910, 909, 908, 907, 906, 905, 919]
[4, 900, 901, 902, 903, 904, 910, 918, 917, 916, 915, 914, 913, 912, 911, 909, 908, 907, 906, 905, 919]
[4, 900, 901, 902, 903, 904, 909, 918, 917, 916, 915, 914, 913, 912, 911, 910, 908, 907, 906, 905, 919]
[4, 900, 901, 902, 903, 904, 908, 918, 917, 916, 915, 914, 913, 912, 911, 910, 909, 907, 906, 905, 919]
[4, 900, 901, 902, 903, 904, 907, 918, 917, 916, 915, 914, 913, 912, 911, 910, 909, 908, 906, 905, 919]
[4, 900, 901, 902, 903, 904, 906, 918, 917, 916, 915, 914, 913, 912, 911, 910, 909, 908, 907, 905, 919]
[4, 900, 901, 902, 903, 904, 905, 918, 917, 916, 915, 914, 913, 912, 911, 910, 909, 908, 907, 906, 919]
[4, 900, 901, 902, 903, 904, 905, 918, 917, 916, 915, 914, 913, 912, 911, 910, 909, 908, 907, 906, 919]
918
[4, 900, 901, 902, 903, 904, 905, 917, 918, 916, 915, 914, 913, 912, 911, 910, 909, 908, 907, 906, 919]
[4, 900, 901, 902, 903, 904, 905, 916, 918, 917, 915, 914, 913, 912, 911, 910, 909, 908, 907, 906, 919]
[4, 900, 901, 902, 903, 904, 905, 915, 918, 917, 916, 914, 913, 912, 911, 910, 909, 908, 907, 906, 919]
[4, 900, 901, 902, 903, 904, 905, 914, 918, 917, 916, 915, 913, 912, 911, 910, 909, 908, 907, 906, 919]
[4, 900, 901, 902, 903, 904, 905, 913, 918, 917, 916, 915, 914, 912, 911, 910, 909, 908, 907, 906, 919]
[4, 900, 901, 902, 903, 904, 905, 912, 918, 917, 916, 915, 914, 913, 911, 910, 909, 908, 907, 906, 919]
[4, 900, 901, 902, 903, 904, 905, 911, 918, 917, 916, 915, 914, 913, 912, 910, 909, 908, 907, 906, 919]
[4, 900, 901, 902, 903, 904, 905, 910, 918, 917, 916, 915, 914, 913, 912, 911, 909, 908, 907, 906, 919]
[4, 900, 901, 902, 903, 904, 905, 909, 918, 917, 916, 915, 914, 913, 912, 911, 910, 908, 907, 906, 919]
[4, 900, 901, 902, 903, 904, 905, 908, 918, 917, 916, 915, 914, 913, 912, 911, 910, 909, 907, 906, 919]
[4, 900, 901, 902, 903, 904, 905, 907, 918, 917, 916, 915, 914, 913, 912, 911, 910, 909, 908, 906, 919]
[4, 900, 901, 902, 903, 904, 905, 906, 918, 917, 916, 915, 914, 913, 912, 911, 910, 909, 908, 907, 919]
[4, 900, 901, 902, 903, 904, 905, 906, 918, 917, 916, 915, 914, 913, 912, 911, 910, 909, 908, 907, 919]
918
[4, 900, 901, 902, 903, 904, 905, 906, 917, 918, 916, 915, 914, 913, 912, 911, 910, 909, 908, 907, 919]
[4, 900, 901, 902, 903, 904, 905, 906, 916, 918, 917, 915, 914, 913, 912, 911, 910, 909, 908, 907, 919]
[4, 900, 901, 902, 903, 904, 905, 906, 915, 918, 917, 916, 914, 913, 912, 911, 910, 909, 908, 907, 919]
[4, 900, 901, 902, 903, 904, 905, 906, 914, 918, 917, 916, 915, 913, 912, 911, 910, 909, 908, 907, 919]
[4, 900, 901, 902, 903, 904, 905, 906, 913, 918, 917, 916, 915, 914, 912, 911, 910, 909, 908, 907, 919]
[4, 900, 901, 902, 903, 904, 905, 906, 912, 918, 917, 916, 915, 914, 913, 911, 910, 909, 908, 907, 919]
[4, 900, 901, 902, 903, 904, 905, 906, 911, 918, 917, 916, 915, 914, 913, 912, 910, 909, 908, 907, 919]
[4, 900, 901, 902, 903, 904, 905, 906, 910, 918, 917, 916, 915, 914, 913, 912, 911, 909, 908, 907, 919]
[4, 900, 901, 902, 903, 904, 905, 906, 909, 918, 917, 916, 915, 914, 913, 912, 911, 910, 908, 907, 919]
[4, 900, 901, 902, 903, 904, 905, 906, 908, 918, 917, 916, 915, 914, 913, 912, 911, 910, 909, 907, 919]
[4, 900, 901, 902, 903, 904, 905, 906, 907, 918, 917, 916, 915, 914, 913, 912, 911, 910, 909, 908, 919]
[4, 900, 901, 902, 903, 904, 905, 906, 907, 918, 917, 916, 915, 914, 913, 912, 911, 910, 909, 908, 919]
918
[4, 900, 901, 902, 903, 904, 905, 906, 907, 917, 918, 916, 915, 914, 913, 912, 911, 910, 909, 908, 919]
[4, 900, 901, 902, 903, 904, 905, 906, 907, 916, 918, 917, 915, 914, 913, 912, 911, 910, 909, 908, 919]
[4, 900, 901, 902, 903, 904, 905, 906, 907, 915, 918, 917, 916, 914, 913, 912, 911, 910, 909, 908, 919]
[4, 900, 901, 902, 903, 904, 905, 906, 907, 914, 918, 917, 916, 915, 913, 912, 911, 910, 909, 908, 919]
[4, 900, 901, 902, 903, 904, 905, 906, 907, 913, 918, 917, 916, 915, 914, 912, 911, 910, 909, 908, 919]
[4, 900, 901, 902, 903, 904, 905, 906, 907, 912, 918, 917, 916, 915, 914, 913, 911, 910, 909, 908, 919]
[4, 900, 901, 902, 903, 904, 905, 906, 907, 911, 918, 917, 916, 915, 914, 913, 912, 910, 909, 908, 919]
[4, 900, 901, 902, 903, 904, 905, 906, 907, 910, 918, 917, 916, 915, 914, 913, 912, 911, 909, 908, 919]
[4, 900, 901, 902, 903, 904, 905, 906, 907, 909, 918, 917, 916, 915, 914, 913, 912, 911, 910, 908, 919]
[4, 900, 901, 902, 903, 904, 905, 906, 907, 908, 918, 917, 916, 915, 914, 913, 912, 911, 910, 909, 919]
[4, 900, 901, 902, 903, 904, 905, 906, 907, 908, 918, 917, 916, 915, 914, 913, 912, 911, 910, 909, 919]
918
[4, 900, 901, 902, 903, 904, 905, 906, 907, 908, 917, 918, 916, 915, 914, 913, 912, 911, 910, 909, 919]
[4, 900, 901, 902, 903, 904, 905, 906, 907, 908, 916, 918, 917, 915, 914, 913, 912, 911, 910, 909, 919]
[4, 900, 901, 902, 903, 904, 905, 906, 907, 908, 915, 918, 917, 916, 914, 913, 912, 911, 910, 909, 919]
[4, 900, 901, 902, 903, 904, 905, 906, 907, 908, 914, 918, 917, 916, 915, 913, 912, 911, 910, 909, 919]
[4, 900, 901, 902, 903, 904, 905, 906, 907, 908, 913, 918, 917, 916, 915, 914, 912, 911, 910, 909, 919]
[4, 900, 901, 902, 903, 904, 905, 906, 907, 908, 912, 918, 917, 916, 915, 914, 913, 911, 910, 909, 919]
[4, 900, 901, 902, 903, 904, 905, 906, 907, 908, 911, 918, 917, 916, 915, 914, 913, 912, 910, 909, 919]
[4, 900, 901, 902, 903, 904, 905, 906, 907, 908, 910, 918, 917, 916, 915, 914, 913, 912, 911, 909, 919]
[4, 900, 901, 902, 903, 904, 905, 906, 907, 908, 909, 918, 917, 916, 915, 914, 913, 912, 911, 910, 919]
[4, 900, 901, 902, 903, 904, 905, 906, 907, 908, 909, 918, 917, 916, 915, 914, 913, 912, 911, 910, 919]
918
[4, 900, 901, 902, 903, 904, 905, 906, 907, 908, 909, 917, 918, 916, 915, 914, 913, 912, 911, 910, 919]
[4, 900, 901, 902, 903, 904, 905, 906, 907, 908, 909, 916, 918, 917, 915, 914, 913, 912, 911, 910, 919]
[4, 900, 901, 902, 903, 904, 905, 906, 907, 908, 909, 915, 918, 917, 916, 914, 913, 912, 911, 910, 919]
[4, 900, 901, 902, 903, 904, 905, 906, 907, 908, 909, 914, 918, 917, 916, 915, 913, 912, 911, 910, 919]
[4, 900, 901, 902, 903, 904, 905, 906, 907, 908, 909, 913, 918, 917, 916, 915, 914, 912, 911, 910, 919]
[4, 900, 901, 902, 903, 904, 905, 906, 907, 908, 909, 912, 918, 917, 916, 915, 914, 913, 911, 910, 919]
[4, 900, 901, 902, 903, 904, 905, 906, 907, 908, 909, 911, 918, 917, 916, 915, 914, 913, 912, 910, 919]
[4, 900, 901, 902, 903, 904, 905, 906, 907, 908, 909, 910, 918, 917, 916, 915, 914, 913, 912, 911, 919]
[4, 900, 901, 902, 903, 904, 905, 906, 907, 908, 909, 910, 918, 917, 916, 915, 914, 913, 912, 911, 919]
918
[4, 900, 901, 902, 903, 904, 905, 906, 907, 908, 909, 910, 917, 918, 916, 915, 914, 913, 912, 911, 919]
[4, 900, 901, 902, 903, 904, 905, 906, 907, 908, 909, 910, 916, 918, 917, 915, 914, 913, 912, 911, 919]
[4, 900, 901, 902, 903, 904, 905, 906, 907, 908, 909, 910, 915, 918, 917, 916, 914, 913, 912, 911, 919]
[4, 900, 901, 902, 903, 904, 905, 906, 907, 908, 909, 910, 914, 918, 917, 916, 915, 913, 912, 911, 919]
[4, 900, 901, 902, 903, 904, 905, 906, 907, 908, 909, 910, 913, 918, 917, 916, 915, 914, 912, 911, 919]
[4, 900, 901, 902, 903, 904, 905, 906, 907, 908, 909, 910, 912, 918, 917, 916, 915, 914, 913, 911, 919]
[4, 900, 901, 902, 903, 904, 905, 906, 907, 908, 909, 910, 911, 918, 917, 916, 915, 914, 913, 912, 919]
[4, 900, 901, 902, 903, 904, 905, 906, 907, 908, 909, 910, 911, 918, 917, 916, 915, 914, 913, 912, 919]
918
[4, 900, 901, 902, 903, 904, 905, 906, 907, 908, 909, 910, 911, 917, 918, 916, 915, 914, 913, 912, 919]
[4, 900, 901, 902, 903, 904, 905, 906, 907, 908, 909, 910, 911, 916, 918, 917, 915, 914, 913, 912, 919]
[4, 900, 901, 902, 903, 904, 905, 906, 907, 908, 909, 910, 911, 915, 918, 917, 916, 914, 913, 912, 919]
[4, 900, 901, 902, 903, 904, 905, 906, 907, 908, 909, 910, 911, 914, 918, 917, 916, 915, 913, 912, 919]
[4, 900, 901, 902, 903, 904, 905, 906, 907, 908, 909, 910, 911, 913, 918, 917, 916, 915, 914, 912, 919]
[4, 900, 901, 902, 903, 904, 905, 906, 907, 908, 909, 910, 911, 912, 918, 917, 916, 915, 914, 913, 919]
[4, 900, 901, 902, 903, 904, 905, 906, 907, 908, 909, 910, 911, 912, 918, 917, 916, 915, 914, 913, 919]
918
[4, 900, 901, 902, 903, 904, 905, 906, 907, 908, 909, 910, 911, 912, 917, 918, 916, 915, 914, 913, 919]
[4, 900, 901, 902, 903, 904, 905, 906, 907, 908, 909, 910, 911, 912, 916, 918, 917, 915, 914, 913, 919]
[4, 900, 901, 902, 903, 904, 905, 906, 907, 908, 909, 910, 911, 912, 915, 918, 917, 916, 914, 913, 919]
[4, 900, 901, 902, 903, 904, 905, 906, 907, 908, 909, 910, 911, 912, 914, 918, 917, 916, 915, 913, 919]
[4, 900, 901, 902, 903, 904, 905, 906, 907, 908, 909, 910, 911, 912, 913, 918, 917, 916, 915, 914, 919]
[4, 900, 901, 902, 903, 904, 905, 906, 907, 908, 909, 910, 911, 912, 913, 918, 917, 916, 915, 914, 919]
918
[4, 900, 901, 902, 903, 904, 905, 906, 907, 908, 909, 910, 911, 912, 913, 917, 918, 916, 915, 914, 919]
[4, 900, 901, 902, 903, 904, 905, 906, 907, 908, 909, 910, 911, 912, 913, 916, 918, 917, 915, 914, 919]
[4, 900, 901, 902, 903, 904, 905, 906, 907, 908, 909, 910, 911, 912, 913, 915, 918, 917, 916, 914, 919]
[4, 900, 901, 902, 903, 904, 905, 906, 907, 908, 909, 910, 911, 912, 913, 914, 918, 917, 916, 915, 919]
[4, 900, 901, 902, 903, 904, 905, 906, 907, 908, 909, 910, 911, 912, 913, 914, 918, 917, 916, 915, 919]
918
[4, 900, 901, 902, 903, 904, 905, 906, 907, 908, 909, 910, 911, 912, 913, 914, 917, 918, 916, 915, 919]
[4, 900, 901, 902, 903, 904, 905, 906, 907, 908, 909, 910, 911, 912, 913, 914, 916, 918, 917, 915, 919]
[4, 900, 901, 902, 903, 904, 905, 906, 907, 908, 909, 910, 911, 912, 913, 914, 915, 918, 917, 916, 919]
[4, 900, 901, 902, 903, 904, 905, 906, 907, 908, 909, 910, 911, 912, 913, 914, 915, 918, 917, 916, 919]
918
[4, 900, 901, 902, 903, 904, 905, 906, 907, 908, 909, 910, 911, 912, 913, 914, 915, 917, 918, 916, 919]
[4, 900, 901, 902, 903, 904, 905, 906, 907, 908, 909, 910, 911, 912, 913, 914, 915, 916, 918, 917, 919]
[4, 900, 901, 902, 903, 904, 905, 906, 907, 908, 909, 910, 911, 912, 913, 914, 915, 916, 918, 917, 919]
918
[4, 900, 901, 902, 903, 904, 905, 906, 907, 908, 909, 910, 911, 912, 913, 914, 915, 916, 917, 918, 919]
[4, 900, 901, 902, 903, 904, 905, 906, 907, 908, 909, 910, 911, 912, 913, 914, 915, 916, 917, 918, 919]
918
[4, 900, 901, 902, 903, 904, 905, 906, 907, 908, 909, 910, 911, 912, 913, 914, 915, 916, 917, 918, 919]
4 171
